21483
11453
21449
36867
10270
20073
5400
9875
6115
3161
21827
21372
29441
19765
36497
36065
609
32029
36767
35404
26044
24735
3556
19753
35447
25126
16028
6046
33776
12045
452
2769
26204
23870
2704
10891
6336
3700
3023
4766
6884
33027
21523
24982
17636
36671
32558
19647
5046
11965
34553
5493
34644
20176
21950
34144
35323
5445
23602
10572
29442
11212
32948
3701
35452
11614
25864
26167
6851
11222
25652
2702
5451
21589
6210
23713
35745
5902
5549
36996
36420
23330
16041
11020
36379
25400
21970
5102
11344
23699
2650
10862
25526
34543
15780
19661
123
16220
33956
21633
5783
10870
19655
5194
24688
34426
23617
25563
32745
21543
26593
34907
12141
3667
23481
34770
25994
34345
23337
3214
20319
11145
23890
29155
36286
12200
29015
32866
32565
10390
32192
20025
33536
6441
20138
448
12243
25596
24943
23016
6375
26814
6367
25201
10892
21486
10273
10930
23431
25329
34721
25913
36816
2726
6117
11443
33932
35863
17592
5511
6056
10061
5584
36621
872
6674
35667
34123
35007
22121
5197
32640
35514
10103
10524
3028
37103
26058
23707
6464
32979
3767
34294
10799
15570
6013
36929
6894
10367
11904
3020
23084
12404
16270
21829
29140
35741
20460
37166
2792
25166
19578
35825
32505
4697
35558
35508
10759
5375
11601
3760
19946
772
29372
17778
25356
21404
36261
20454
36181
35964
29095
33343
26998
11186
2830
34329
33527
9877
15760
34523
23840
5867
5577
21413
24748
16234
16215
2560
26854
21616
26586
36508
99
15520
10985
25813
24841
36090
26977
19935
5575
32912
23240
33791
29094
6693
20326
37300
5172
5708
17751
5226
34650
5680
15730
37003
746
25536
20389
25566
25708
24707
34573
29199
36326
10133
23548
17505
33730
3750
5993
33334
26594
6735
33970
3379
6722
25898
24780
5954
32167
12108
34341
10208
34604
3886
10601
10304
10115
33071
32638
36036
33746
11709
25638
20320
20329
174
19857
29208
10564
19689
333
20191
6670
24785
26449
2625
32316
10334
10878
20264
5082
35707
19987
29500
15792
3593
36279
16200
12082
36868
15910
5573
15650
24918
32928
34303
2979
10969
21230
32347
17215
26684
35838
29262
23874
635
23105
15559
29303
34608
21524
3371
15513
24976
19896
37140
11644
10771
33012
29389
21933
33024
32414
32278
10392
10332
32624
28966
37163
10960
23510
26643
23220
32372
6806
2534
19691
34871
25934
10162
19878
25666
25674
36100
9930
11881
26203
12180
6479
10240
21336
16260
36805
33995
15622
556
17792
2638
11109
12216
3498
5369
25677
16143
26860
26080
10873
10621
26747
971
3475
11906
37322
16286
33318
19912
32220
32091
33180
15901
32927
6180
19713
23170
26511
21615
29001
21257
2458
35448
1032
34655
19688
20035
35579
6369
6553
5028
21511
25475
20395
11565
35810
20133
29082
10851
396
24819
5418
28984
17424
21202
3704
4960
23552
21452
34395
33228
35626
34594
35817
26226
3066
23430
9825
9831
26913
5413
25318
3831
36770
25847
34851
10370
35733
25956
10777
12482
932
32482
12014
26285
32786
10375
5729
25761
11564
32805
2798
21346
36851
15665
34781
20275
23621
32079
36466
1009
3183
15809
19637
26693
699
17748
15859
10124
33454
21241
16335
6631
5084
36617
23637
17626
10599
2472
19741
2721
5137
34031
10047
26316
5803
26366
29468
12110
23230
4924
29290
23282
22004
34210
20223
22150
32065
10882
12477
10164
23315
11460
5671
5789
23215
33371
36844
36295
11747
16191
34080
25065
33093
33126
11304
6912
34385
15956
3810
21572
36074
6523
26282
10890
36027
12543
5973
21983
5333
26667
23525
26978
23927
33567
36696
33304
35360
294
29560
20265
12556
36312
6012
10431
15734
6655
10675
23936
6291
244
5509
11097
3464
35771
19989
10393
26374
6636
26722
3865
32779
9862
26245
10677
29402
19542
10075
10923
34835
3314
3024
3630
16053
36390
35746
37182
281
6980
34965
10117
34498
19662
37070
35800
10453
692
33493
9951
23893
20070
26352
32711
25109
20228
6598
24997
11600
34763
12500
26126
32816
32702
35674
23303
3785
21715
6308
5218
17553
32655
35693
32
32967
12523
17188
26951
643
10903
3466
21287
23507
12231
21639
28919
17253
19611
5163
12026
361
5886
36165
2910
17218
15817
20445
23522
15905
5852
2747
33888
11902
11693
5683
21660
408
34574
36986
4657
32277
11774
32094
11800
34035
20064
25923
23509
29173
5606
5665
34527
15869
10986
40
10475
21557
5233
11767
37273
10136
3578
17200
3818
3112
12039
4832
5796
17274
17584
12494
35556
32146
21219
32170
3345
24988
25948
9913
29068
3764
36709
35493
21795
22
460
22199
33869
29255
25928
23480
3304
36411
16192
3115
3450
960
35702
33119
17301
4794
22068
28973
23586
17387
5771
15914
29103
21871
6850
23412
860
5888
36327
10148
25342
261
23391
32942
36982
19980
21981
10719
25509
11393
21409
23297
35521
19853
35576
36544
25051
17565
21607
10938
23288
15828
25409
6847
17473
36560
36362
2946
5177
32751
35390
17587
36354
6424
20288
35408
5184
29444
9969
32322
4833
12015
33559
11182
21442
20281
26658
33592
34981
10684
20146
25721
6937
25937
4815
34326
35670
25799
6148
25193
25398
35549
28970
34512
25838
35818
11295
21487
34127
12521
35595
10204
33616
36822
11636
23020
17745
9884
12486
21559
20026
36775
25725
33667
24811
25216
3560
303
28988
653
15854
33497
12005
32533
25618
32400
175
11463
35462
10305
12275
32588
3079
19550
36972
34236
26662
35672
21875
10022
3610
32631
29129
34850
545
25372
11258
32734
10288
16161
1026
37272
17237
12003
17434
6462
33104
19859
29461
17411
6060
11647
25623
28956
21722
5287
23414
5675
11949
17167
23300
17359
34
21490
2429
19911
758
26857
20434
15847
26290
23831
32863
5415
21870
21696
34007
24871
33457
37296
3204
35451
10119
35718
34533
32833
26613
25328
17700
33887
29301
9941
3473
17503
29413
26713
34043
15741
23767
6489
29101
36639
5506
32325
6062
25476
17665
20457
23539
773
6886
23771
4705
36941
2756
5736
12024
32674
22137
4839
33055
15838
20286
17446
28979
21458
11197
29533
3034
5097
20279
33082
646
3796
25810
3035
152
11604
11305
22162
25658
3788
22153
26070
10458
26102
36131
34592
12144
26939
9987
23724
2622
29593
17733
5285
32157
3336
37065
33679
16292
32354
20045
32419
34912
32774
21786
6449
16324
17176
3196
796
17385
6289
21462
3154
2970
17691
5263
29356
19792
23257
29000
5966
26114
23693
12106
23627
5327
15632
35962
25633
678
15604
11708
32715
3355
5306
4638
4663
5810
21225
33227
10432
33219
26580
29374
33237
36706
343
21676
33137
36824
16020
5159
29362
10693
33602
35599
34863
25405
25815
23932
32690
15534
23687
744
25490
26021
21268
11870
15992
2911
9975
92
3474
36647
35460
11943
29180
11930
25376
705
19802
11584
17765
11300
6708
5531
23495
24978
33022
2427
26645
36608
6499
600
23406
5383
34001
10285
34432
34355
25947
17180
11793
5605
32933
6701
34619
10452
12164
4743
10502
17490
32550
3388
2635
10762
32286
33997
26354
6796
15552
2636
21822
16057
17204
34463
35762
17699
11210
10007
723
9833
32904
3671
6632
36108
2802
26886
10670
35671
34413
25614
17622
17139
15740
3398
12129
23083
36038
2812
33597
6862
5039
25901
10755
11781
25772
6244
10021
34241
11127
34464
33773
25317
34889
36396
23203
24960
10222
25219
25222
32267
3317
6684
23293
36747
3362
22169
865
20337
17801
19619
301
23748
3855
23518
19975
170
32328
10535
21331
17617
15727
21701
999
10403
25245
4649
25506
16228
35659
25560
23154
32393
5351
29400
33285
2555
325
35897
10512
17740
33414
2865
35577
25236
21529
5718
6739
23732
36222
34439
25541
2891
5569
6804
33675
2836
6791
35345
36962
17258
17248
784
35321
36369
15981
15832
5730
756
29164
6104
26008
19645
26291
32459
24859
23377
11483
11727
34452
26583
33524
35557
34301
25243
17782
26773
17631
35562
23072
36976
11010
35405
19562
25264
19572
11680
25284
682
10553
29325
16080
5302
23400
520
29324
21800
29604
4947
25324
10811
25120
11681
22101
10795
11221
28947
15543
11810
5497
20090
983
34905
10581
26784
21348
29130
32985
2576
17739
29434
37181
25940
19971
25951
23050
24839
19556
25129
5419
6548
10909
35527
32763
11921
34668
6133
16023
23520
10398
16194
32392
23322
23153
23655
23476
3325
32563
10456
37266
33793
11298
37058
5347
5757
36752
21883
11405
23189
11697
15713
10712
16340
36592
17400
20367
36226
23856
3097
6513
6387
20016
35937
3737
37114
6759
29244
20072
10446
37039
5477
16203
12257
17209
23484
33615
19737
33914
21289
37150
11301
5182
11729
440
23192
29493
17292
3383
21610
11048
6498
24729
32778
2718
15518
19564
35416
6968
29074
6358
3520
33206
36664
3680
409
5478
6785
16278
34286
37287
26012
3482
10758
36118
10519
21430
32827
34120
17807
24692
17459
25494
34368
23291
36109
3481
17410
33981
6097
37004
3658
15892
10402
16282
2435
6145
5699
4974
22182
5727
23912
2574
36376
32425
3016
29181
5098
15626
33842
26961
304
742
33908
25497
32261
33532
21190
25189
35706
20144
25806
10541
10460
2487
24877
21402
10380
37154
34441
12074
35647
15880
12208
797
34628
33861
34070
12291
16290
4776
34460
11713
6583
33834
2940
32921
37081
3440
36443
5984
21299
24901
11440
15952
17262
23751
3406
32272
11128
23721
6326
10765
33139
29350
19636
905
34403
36180
32835
5489
2700
32579
29203
29423
36363
11250
34791
25058
24890
23250
6723
6945
6306
6619
35717
19919
26060
10697
23804
9900
10971
33584
36728
10709
19642
36361
32537
32840
34453
19585
20409
17354
25857
91
34309
36031
35812
23847
146
2923
35372
21471
17344
9836
33961
34316
36465
24889
6823
16105
6222
5243
15930
25692
5778
17317
6194
29225
10832
23866
36398
17652
10138
6100
23582
35885
12163
6199
33092
17720
25851
21884
5065
894
5608
25918
25756
33191
10597
26853
11937
29030
2627
12116
17432
26033
11021
119
32611
11719
5462
12107
10902
10501
15766
23134
29069
5629
21358
9950
33750
15657
10546
12412
36895
12317
23797
28985
32859
26452
10379
29329
21221
26461
26267
34243
24874
25378
23603
37056
10378
34308
12366
11863
5131
35342
33847
25492
12274
10545
17806
29287
12430
33233
763
17230
32148
20140
34079
33681
9841
23075
190
35915
4861
6910
29198
35682
15787
11901
10229
10505
11122
35444
35917
36057
5001
35429
6978
35544
32437
21325
672
33513
11507
10518
35979
17345
20202
25889
25665
26743
5026
36402
29254
5571
19475
21781
2661
11450
3628
36931
35598
29351
25507
4661
34254
3582
37278
34029
319
20388
625
3722
4851
6325
21412
112
36167
17373
25881
35842
11608
23805
2556
11369
29165
19644
34775
3783
127
35388
10949
5819
4773
36794
3601
32908
6173
35628
10080
4980
36289
5986
23496
10440
25045
32217
24728
3397
241
23025
3736
36134
19532
5916
20217
3259
19947
15755
23933
10808
32043
816
35029
23534
11294
35989
6106
11527
824
29106
25019
2690
26127
36197
33387
33320
34546
33769
32784
21327
35561
26170
21209
25667
6029
36542
35861
25224
3702
1023
36339
26785
25080
25337
29156
36151
26305
34006
21195
5160
11229
35983
15549
25346
19913
32479
35828
25634
34312
23712
36487
26692
26659
25641
15987
798
33344
33900
2887
6084
34315
36690
33217
25464
25227
5315
20195
33168
22082
10625
23612
5257
33377
33647
36574
10665
24741
6141
34910
26028
33928
33572
26212
29419
11388
11421
36838
762
29250
26406
592
2862
36847
26404
23698
3262
12211
26651
11657
2851
5884
16042
6305
33542
10698
21240
25237
34706
36687
423
5582
26895
15868
35924
21834
36401
17330
36239
3036
475
33987
15651
24812
35546
32523
10932
838
2828
37141
11275
22029
10243
10760
11286
20142
3548
6830
33335
29058
19658
3830
36993
2785
6091
871
32098
5861
3485
21350
25266
21998
10729
5547
12526
25006
21791
3018
23950
15968
6868
6774
10319
9883
32803
5790
12100
10283
22188
749
36787
17698
32606
5249
22054
4718
35678
33258
36373
12441
532
32620
10918
32215
25277
33604
402
12285
15628
26584
10351
34056
3377
26541
33257
12264
11236
10084
3128
36426
26373
19561
6727
26361
15907
17181
34755
6687
32759
12374
2562
3771
26100
28991
3763
11002
16172
36855
21691
32858
36924
6137
20321
29231
4648
3166
11334
33295
4752
25968
25760
6832
165
32765
33708
5864
34926
21519
306
32162
32823
16303
33814
34442
35
33355
5322
26288
33569
11599
4830
23152
27005
32426
19814
6
32385
21838
35021
2644
29505
21976
32782
36765
17647
11332
11505
6418
25482
34172
16032
3808
5384
32380
36457
26041
948
881
35749
15852
265
15703
12187
17786
35369
33398
5559
34158
23537
36612
17632
33011
6882
17250
34325
23329
15867
12236
34589
36341
37051
11411
10028
720
32295
36682
25753
12433
23251
23201
834
23166
33041
37280
37188
2657
25154
12288
21558
12079
10610
36863
11035
5261
6229
11849
34963
11950
10459
33984
10066
23816
36159
26979
26838
16146
21837
5176
752
12402
32974
26329
19766
12399
33035
21261
26756
10615
19886
26319
5499
15692
17664
32923
34996
17681
6051
21724
22192
26842
29414
20456
19772
32885
17160
10130
36755
29563
32153
33601
36509
25391
21488
26089
32090
29216
26981
25510
25140
22146
32478
5517
4671
33467
12238
35879
732
32825
36076
5722
5208
36139
20387
34600
36372
36561
19967
12322
4977
32643
12461
15997
37026
36242
21670
23926
789
26182
3488
840
26990
33148
3241
16131
21585
5204
15699
35036
3552
19681
419
673
518
11462
20134
25859
944
25822
36678
37110
11941
26617
336
11431
21839
32764
6118
10754
34827
121
23564
10511
271
6119
35054
6482
32501
36990
15967
12190
35881
15643
26698
34658
22163
25361
34455
21438
26688
17543
17760
10349
5831
390
25394
10732
11567
35488
16106
5094
2646
19923
3348
23088
32852
6155
3303
10567
21577
11256
35772
35617
16164
10624
25840
29530
35808
33313
877
34112
35336
12428
29115
767
6440
36096
35553
33412
2618
25555
26037
25191
19762
26129
25731
519
23149
2876
851
19738
6842
2875
35859
34429
11799
11310
22156
11924
5661
5561
11093
33810
804
16150
5166
11240
25659
32954
17289
16239
32159
15648
32443
12121
3068
33085
23268
32743
11372
10613
29575
29482
228
3542
160
11242
21739
5767
35320
29002
23643
12250
6136
33364
34938
6730
34917
593
19940
11389
6737
11983
23920
4951
33924
33384
36116
841
33380
19924
5236
37252
29159
3531
2680
29521
35703
36395
5344
22126
29331
35757
25424
20375
29253
15599
6571
17445
36378
19751
5816
4689
36386
20224
20110
3333
3321
9932
5996
3478
6677
33829
20245
11172
10137
35992
17567
34860
26969
5574
34570
25353
6639
32969
21227
25664
32614
10291
10626
33581
25142
5337
21198
21814
25085
37255
34365
10841
20216
23308
5130
34088
19630
2969
23065
21824
29023
24685
25299
15609
10055
12501
34678
2811
25836
37135
19632
4827
11362
6153
35894
34164
32628
11418
6022
37269
11102
34213
11796
21974
17673
2538
34837
10400
11477
33339
19828
32448
15802
19752
25980
26099
12417
236
5109
805
6532
17799
35473
3496
32102
21345
26276
21919
36356
710
5290
32202
29113
32028
23736
23793
35854
19906
17812
26778
23590
16218
29169
33306
24996
35795
4968
55
36337
17199
11935
21760
2695
506
10638
488
22170
6300
10603
19486
6380
17296
25025
11480
963
16182
11768
3814
20327
5292
23342
19756
29335
25606
29569
35947
10888
33978
376
10216
35441
33095
36446
11081
16091
636
17484
10520
3455
34387
32893
4867
36564
25775
34091
28962
10901
32491
15536
20259
37284
11118
10688
11725
26812
17609
21780
23541
10962
2632
25145
32539
15964
26592
4630
25872
11819
32976
11226
2516
15695
5598
649
32454
32949
2782
6216
148
23841
3436
17380
23763
11832
3590
25719
4631
3501
6906
35662
26195
661
3076
19735
26719
5444
32646
11173
9957
23607
23795
19520
35016
29285
26458
931
10094
6617
20012
20089
10871
35500
33740
5388
869
36003
29242
5948
26395
3181
25986
10728
35724
21349
20067
23647
33003
23737
35463
32046
12425
5044
32673
23570
34010
879
33361
12139
12355
32035
26437
21579
10768
10248
36127
34334
35525
12046
37274
33006
3
10838
3064
25363
33898
11121
36207
17787
5694
33946
34421
3027
11307
28996
6656
5846
17192
26279
25917
32590
10005
10792
25503
23523
790
23460
358
6909
34260
4863
35991
21809
6658
35526
25927
23099
25437
10406
33358
25407
36442
34816
9826
26184
5942
33256
32471
10977
36146
34013
33056
15911
11936
19714
34734
25348
23381
3608
32887
3191
5731
12209
36720
20437
11156
11802
26298
23313
26781
96
11004
17409
29027
35316
870
34647
21853
36750
11947
36170
17674
15965
15527
26922
32389
6288
23610
25417
23660
10834
25690
23474
22171
26503
6009
5624
15707
3562
2826
33918
19816
23159
5431
10472
36484
23360
17223
34779
5142
10416
29213
34229
23691
36936
15823
36852
36577
3435
25332
6904
23663
34363
15575
20295
33638
166
36857
6102
5276
36644
6225
802
33727
10840
23163
36304
17397
35878
26396
34126
23937
6267
6076
26703
33963
32256
11227
32545
10003
23059
320
6838
34478
5394
2457
32421
5354
32147
36467
6404
6657
32252
15775
3083
2902
25436
691
10056
6390
6799
29427
739
20143
880
32689
2554
17469
21727
33690
6391
9912
5956
6231
15789
4930
20046
36878
33923
23233
11868
36048
33785
21206
6780
22189
3457
5934
29581
26435
17588
33169
26098
26340
11634
36614
16049
25894
10531
36605
3483
136
32581
6292
21281
594
32337
269
32587
12491
3661
19933
6568
26731
10350
6560
11014
10936
3566
23018
23868
34347
12527
6812
19727
16333
36445
3713
6652
4744
29320
23810
17676
10591
68
2709
11244
5169
2451
33174
33305
5050
530
24944
36427
6554
26701
24808
24835
23309
16321
3744
16102
25525
3778
24847
10774
35495
25042
11082
24842
11677
23711
17281
36155
34925
2688
33407
36826
34530
25926
3769
35951
24751
36551
33875
5230
26187
25993
21929
21860
25162
6874
25423
9937
19594
23779
15595
12182
12214
15676
16
17217
26570
10141
882
674
15855
34701
10789
1008
10116
34620
6475
34559
17439
32970
21647
24769
6852
2706
2981
9873
10874
11495
24870
32540
4736
23630
26682
11531
17537
6633
32877
5780
16318
15889
2648
25071
36439
21937
25139
11728
32502
35481
33156
24679
3626
34414
29211
34388
36883
3118
6716
37258
26490
6310
34103
16051
29379
11047
34914
32118
11616
20168
33470
12145
34156
37138
19807
9917
35982
33884
23918
140
26443
23776
25230
25752
34071
36553
33244
24733
5224
35966
135
15673
21852
25027
21874
3438
34695
26324
35425
25456
35314
26216
12554
32490
23830
25450
34138
37085
36511
10323
15999
21764
2563
651
19589
26771
21788
21399
32892
26687
15546
17510
11874
17545
26695
34124
5564
33808
19930
37087
599
2906
11712
19472
10539
3497
24744
2786
10674
5775
36468
5774
10703
25293
19897
35904
10939
26017
34928
24939
25491
3267
32092
5073
26902
17734
25648
36189
2506
35443
29508
36502
5332
11158
19510
22020
24758
24693
69
35940
25559
6682
5401
32808
5079
5425
10112
37134
36797
5940
310
10705
20463
36872
26824
20118
542
34691
21661
5486
17818
5186
37153
11684
10894
36192
23674
37321
20000
35877
17610
32069
25539
34170
35844
17568
5052
26196
29364
5424
17800
37017
22061
37201
20278
25075
37196
25485
16166
832
3412
9967
6691
26321
23727
4938
32263
23177
36714
2823
26066
29544
33551
34092
5715
10279
33595
15728
5923
115
5835
34222
2637
33510
34735
6567
17479
10489
464
34217
34109
12498
21573
5648
32303
5702
5446
36536
35790
12184
4775
36782
11213
25003
34709
32607
25059
32762
10720
11707
35344
25809
956
15705
21586
6011
23193
425
6200
35047
32629
12134
26758
10955
6504
24999
2761
16068
33903
21596
34131
911
12086
26483
35377
36840
36020
32571
10110
20218
584
3117
36526
12299
20014
16273
21675
10978
5804
3555
23883
25554
23765
9859
6468
6803
33393
29044
3092
33871
25997
29192
12377
10916
19593
19516
34862
23788
23473
21477
369
36073
2602
3103
12449
11717
6218
3887
6243
17719
3618
19648
25098
21742
35477
29548
16350
5913
23241
35292
34183
23859
16129
25217
34036
11142
33214
11
33722
5828
33626
26933
6951
11550
21716
6103
24705
36655
10437
19639
26748
34394
26865
36668
35025
36494
6525
32031
4690
33163
4824
23068
3278
6342
23311
6566
35350
17816
19597
36586
19953
36208
33697
36454
24824
20299
32776
29597
33239
15532
25366
17646
10664
23133
22173
32299
36818
6950
26557
24991
34431
21560
11397
26485
32570
10315
10815
22041
35398
21746
25031
20132
34024
29319
5010
36524
21330
913
11860
21859
26332
26337
16310
11779
35038
19500
6954
16244
20141
36721
35438
399
34603
3051
32210
34833
21909
32377
101
32499
21398
35455
26384
3666
26815
12513
15886
36483
54
4687
12455
6093
36956
11054
35680
11716
3198
6322
19584
34030
17221
28920
35791
26156
15945
975
20237
26202
5063
951
21828
36896
29033
29447
11718
36670
35303
25558
24718
10756
35687
33870
32301
16250
2557
32679
35787
32383
32257
11139
11978
17144
12419
32950
6451
21949
25676
33718
10290
5519
17240
26280
33107
10956
25661
32330
4919
26103
4810
5031
22022
5972
36418
19664
25700
33424
105
36874
6825
6537
12279
5473
15871
33865
26940
29281
899
16301
5304
29266
23030
5078
32894
11626
675
26581
32473
24689
32401
6840
36194
25643
5479
28976
35074
3126
25069
5640
11415
11750
36093
335
578
23348
33390
26799
3200
29092
26514
10893
5174
23379
296
10933
10627
10224
10444
6766
12476
10904
16160
883
11972
26567
36547
35970
3367
35296
23195
10850
5111
6188
176
35875
15571
12452
5612
4706
11106
17640
36316
5114
5990
26061
2986
26923
2905
29394
4903
35410
34930
32103
34406
6279
23344
23475
902
20379
17682
10024
19770
9870
34082
11580
4845
34739
218
16162
11503
26403
25009
3836
21990
2664
36400
34634
29055
360
30
25014
19718
34808
4941
17749
6634
16173
15569
4882
35888
35666
12009
26587
32023
21563
26578
20163
25124
32947
10473
36930
2850
19771
6642
6754
23833
12270
29490
36731
35732
321
32527
16027
23324
20152
3569
29340
6108
2720
34502
25202
21732
6531
6533
23402
5124
3673
36224
11596
12032
35341
16148
11352
15726
25683
21985
23146
36141
2708
34311
950
11583
11834
17159
3843
23588
4910
25883
25204
33385
726
26344
2766
34623
461
32435
11670
26509
6284
15915
33796
15659
32275
36290
32173
3607
28946
23323
4916
11325
34094
1017
10620
23137
36922
36738
26407
19782
706
34874
35472
21953
23678
36385
19955
689
26105
34074
37156
3815
36481
34630
23024
36804
36584
29485
11959
26737
10099
721
357
33053
19785
26390
19801
25073
21263
24883
4904
400
17644
12473
23535
5095
3057
19706
33269
5541
5030
2994
37318
2750
25074
15845
16047
33444
23786
28934
36942
36739
3381
6573
32150
37231
36917
10306
11417
21535
6460
5603
6040
5061
1025
36241
969
25955
19829
26959
19604
12368
17261
33010
29042
37029
32142
19712
33031
11598
26751
35543
5597
21627
12286
6514
33663
5032
23089
20170
20103
3649
133
10682
3017
15683
28918
23428
6132
5077
10072
34162
16072
33088
6307
33759
33706
6228
21390
23613
32585
26976
25518
291
10014
36777
25106
34186
11761
36659
6960
11011
26408
37106
6198
32061
21378
34377
32208
186
3681
20096
36698
12383
6034
2950
37079
149
34503
32240
1011
16059
19945
736
26193
19474
10163
19583
20293
892
5286
17578
21581
25724
36635
10940
36501
20158
224
34199
33482
11730
6977
12151
36735
26912
29220
20458
2817
17697
21688
6516
20394
10019
34353
19928
11366
6907
36887
34906
36914
11556
17231
23938
17690
11382
12142
10108
24773
33580
2930
10454
32811
5227
20225
23217
23026
21864
35426
25241
45
22113
11058
36350
23700
17677
29611
5325
10251
6599
34562
6666
23393
853
10820
25770
26181
16355
19717
19777
33891
2752
29114
21749
12403
33465
10085
23885
3127
37277
5216
6471
4959
21191
15781
15969
33631
473
35431
2768
10258
32055
33423
21629
11015
184
11997
5090
29277
652
11223
20154
6010
2705
32191
32249
15814
6654
32321
29125
3589
25488
32188
15581
597
32886
6208
29239
19854
21270
19724
11702
37204
36259
23536
35783
33803
365
6630
33950
17518
36978
2584
23451
11908
23363
5952
3437
5443
373
33548
2895
29527
32868
34287
10908
21943
10037
29446
467
36204
36103
25783
23902
32625
6776
529
36488
10809
21258
11331
33866
12054
10368
648
5716
33917
33977
11403
10880
35446
34501
2818
21731
11079
17329
3844
5283
36018
12109
21737
25015
25167
3088
17549
11235
10931
17552
11559
23803
36220
29429
21233
5581
2943
36456
17440
12462
19830
29143
37223
22017
20080
32989
25626
29007
29305
6168
33694
36894
12292
29489
37200
216
5806
20153
11679
6038
37176
2989
33732
33259
25287
32791
16341
21602
37179
29182
2430
4652
10532
2932
11406
36850
15639
11268
21980
33935
35676
3272
26741
884
4866
27003
20002
11710
29494
32622
34834
20399
21212
29388
77
34185
19693
748
23696
20221
12029
33367
560
32882
24787
23858
10643
3541
33643
29352
36806
16169
36274
280
4723
4708
24805
25504
6802
19966
23640
29043
338
2787
2988
36903
23284
11905
11345
34534
25888
6712
3295
4922
37047
36788
16189
23928
4907
21334
19820
11335
32618
17155
10246
15519
10101
21630
34238
3663
585
3365
20398
16201
6784
33436
25848
17802
10699
6972
34869
10207
17451
21338
10307
21313
11496
16008
33450
17579
25359
33397
35536
26173
34933
21841
35739
12004
33915
10557
34157
11055
35076
23515
34913
35355
21705
32676
20071
20294
32804
6230
35334
36722
19776
36809
23327
17570
29509
2592
36225
36828
29117
34155
25576
36640
25223
10268
5396
10800
35961
32796
32111
33400
5080
33565
21714
10262
32260
36246
15942
15511
35498
33145
35437
3523
34866
25354
19822
25821
17817
23901
34666
3839
25176
3233
4716
5637
23048
21426
34812
23318
19631
32039
26335
6372
36098
26551
34723
34893
26071
23697
19518
34033
25397
10548
15879
21500
35807
34704
11954
23436
12012
20307
26599
33229
6969
35384
35070
650
36425
2509
826
32384
36407
26154
26817
670
32691
823
4785
34793
25054
22110
35490
25395
25034
15572
19537
19466
21847
25613
32155
23455
23931
10913
12101
36834
34051
34166
2485
6002
10147
21584
10083
11620
29557
33989
3407
4820
34561
11640
32773
25575
21309
2900
12266
3163
211
26325
23825
21667
6577
5183
29431
22069
33782
36514
17334
25147
34423
11108
6435
26805
29053
15582
3073
21432
33844
29071
666
23581
3025
25319
32783
5298
20013
11367
12233
6899
6152
485
727
25442
17573
16039
34269
9866
37129
29186
640
25198
25873
34993
11064
21618
20423
32221
4804
33553
25179
37075
19535
5623
10565
20356
17513
36835
15507
12084
20283
21907
33083
26677
15580
11540
19864
36732
12031
21352
36047
19496
23209
25315
19740
33986
19840
32342
6542
17403
893
23642
25685
947
26046
26260
15528
34313
25780
3392
33177
29080
5222
23270
740
11425
34680
5000
35709
32433
21663
5147
17491
12451
33338
36496
26572
21611
11171
3863
17658
33711
26262
21736
25768
33392
3205
6792
36984
5034
4668
36228
34751
19476
25588
11414
10679
4876
21428
5901
6165
20378
36416
3572
15815
4981
29587
33045
3633
5134
12047
10589
34978
37105
26367
23440
25945
33562
20139
12036
10563
34988
24757
34951
32636
6697
25422
16069
26176
4720
37157
25020
11067
36152
26306
20068
19480
21207
26024
21787
35862
5628
35650
25513
6045
32418
10952
33333
10867
570
5664
5576
16322
32193
23862
29433
3824
10302
5167
23708
33786
36306
33941
15689
36209
34672
25187
26036
26792
15763
20215
26013
33252
15856
29387
887
10718
10102
4678
11740
10750
2630
6359
10802
2731
5024
16111
12235
6845
22073
9840
6540
16279
10125
26164
517
15606
17725
36951
10522
15948
3654
26564
5210
5367
28929
34175
5507
19554
12022
32591
36473
3164
33433
5570
24983
11690
19468
10358
37160
3356
32694
25247
11233
35295
15566
4955
25330
10423
9847
15767
11273
33081
17342
11607
19481
36221
3043
26830
34801
6272
37242
35955
15587
2703
17136
23100
32848
4647
23340
34101
2713
2839
29217
20149
20056
21526
11999
4643
3653
235
16186
25426
33130
25427
24919
9947
11037
4945
34147
6324
32113
29373
32474
19685
32350
37195
25327
12308
32423
12529
29440
17171
24783
26825
10471
12505
3224
36305
34023
1021
26937
60
10223
11023
442
1004
11281
33745
36432
24904
12310
34169
11578
29608
23814
25425
26304
33312
25835
34636
3192
10230
22124
26271
12447
5267
21244
23575
6901
26171
35836
16274
34819
34044
10054
6925
24967
19833
34234
217
4848
33927
378
3044
35920
16263
11848
35952
25849
26440
15514
4983
23897
23943
34110
19687
12343
6398
32684
32871
17618
12189
33744
26876
33074
32253
5071
4704
12040
10340
25893
21273
17600
36229
11008
34821
32063
5201
219
1044
23465
23314
20159
3416
616
25194
2733
17784
29425
33448
3323
20325
26246
11146
982
5969
2623
11735
15966
33852
17659
36889
829
113
36232
6694
25382
10233
29605
21821
5076
3735
23648
21878
25615
23521
32692
6366
25688
3208
33646
27000
3320
36715
2857
36296
28949
34613
34946
33974
6552
29478
10399
9893
36154
20234
26604
3340
25911
32604
17526
214
36532
35496
21979
5924
33365
33272
9916
25879
35677
25386
25529
36646
21473
3752
12398
11822
26420
5305
15753
36459
23294
23628
32431
10184
19732
29227
254
25441
32965
34408
21856
29107
23543
2960
12475
15638
23113
3065
32687
32617
36029
33555
15916
17672
21405
34633
21351
15849
21568
33664
16055
29499
3217
37000
36406
3739
32300
17376
25545
29525
3529
4816
11215
10140
29299
4751
25246
3145
35046
16336
36023
32119
17422
20344
3131
32407
26272
4626
26544
10146
9878
35765
6947
171
3152
5920
812
21812
26477
20366
5904
25823
2833
36980
29263
17437
20313
26425
21753
9848
23131
15655
6522
11243
37007
6640
10544
6665
487
24827
11864
4625
26459
34020
6037
19813
33460
22046
26434
19641
12149
17321
4887
32488
35518
3279
2846
29603
26639
25136
19588
11018
22042
34021
10523
249
26073
10347
33851
33372
836
32940
35362
11745
10422
12259
33375
5463
17470
11632
35427
10004
36015
35759
23115
3486
11255
36258
17399
25871
11402
36948
16298
33999
33322
37226
26730
20354
22195
12218
32250
17504
20044
11306
19876
25635
34449
37048
21433
17589
33518
24749
25040
6713
23396
17182
33363
5508
11220
2676
6121
21371
11543
12296
37174
21947
147
292
150
33117
25709
6096
32666
21498
939
23679
25671
29359
32888
6463
24987
435
11370
11691
33528
24821
3038
21216
6146
19824
4674
32901
11960
22064
26879
10598
2759
37286
17798
10766
25271
163
10914
3780
34462
12528
25964
26035
26453
26946
34596
11971
17628
743
20416
17515
23433
3190
36967
36137
19877
547
26618
23304
469
34272
16003
21678
12254
16259
17363
23596
34741
11553
2760
24979
34054
12112
29498
21873
4905
74
2698
4962
3487
6810
12060
24897
29091
16144
4721
34545
17528
10486
5455
3758
11932
29099
24863
28954
23142
10448
21403
5125
10828
17285
17532
22062
10911
26405
10632
19922
5905
21204
32390
33672
5496
34208
16209
26050
37109
20464
10176
21808
5580
21591
22154
26348
4799
6419
23832
29212
16113
11138
10654
29438
17468
35832
33907
29248
23503
23138
20343
3470
17593
2541
32115
19939
5676
12306
35520
35612
32379
10155
2500
623
24772
6059
11499
25960
3766
3622
24875
19803
32108
32847
12178
20082
5836
17383
33379
17190
6235
17650
21757
33686
6364
34532
35034
36712
33883
12358
23292
26579
6157
15810
15977
36879
34417
15714
34663
20421
36606
10234
1042
23453
4982
26219
5514
3236
26625
21264
25047
32270
26529
21869
26199
12384
12123
26822
6123
5798
21910
25148
29157
25814
36345
34205
26565
19484
6347
3518
5438
6896
26261
19788
17379
29046
28974
23838
11287
28938
33653
29543
12457
21771
6085
12502
32977
26237
23688
888
78
33933
36920
4814
33561
4793
32746
33639
36583
32787
17730
11327
12007
381
33657
32657
35614
21440
6783
21932
6371
32899
33352
33988
15584
32144
17299
9846
10776
4864
33266
23368
11267
3676
32731
23411
5726
26039
5786
5825
10181
34405
24788
3645
37312
29463
72
36453
34255
34381
3120
36403
26964
441
21406
17789
9899
5894
26628
62
35356
6668
26767
33818
10680
10499
21928
12393
2852
33501
2886
970
3514
22027
34510
21392
11141
16097
25338
10417
26739
19775
17480
23517
34675
20057
3642
3804
11149
12454
19962
5295
26333
26616
499
4807
32254
33014
24854
11942
26476
5980
36021
25114
25365
2791
20178
6254
2983
34415
11467
33072
36520
25280
26460
35740
9943
32619
20422
2692
36307
29012
23861
70
19909
980
33621
26928
903
19734
34969
11790
229
5770
4702
12466
16188
6020
29066
16040
4707
25639
21938
19558
37046
11159
36503
37064
2585
21501
12165
35574
32738
26986
29076
5674
6509
10320
22024
26545
25248
32874
32982
5146
6453
35777
36869
34811
35705
6448
6403
29222
11006
11931
5214
17355
129
34190
3311
12160
15923
33196
5856
6709
32394
10362
34631
17462
25086
2689
23834
34549
33781
35658
19577
23944
3433
6172
19559
3269
29059
3703
394
29138
17475
22086
29171
34259
6320
4760
21322
26388
21541
10656
26744
17418
15635
25564
15813
32397
29158
20243
36314
12051
29185
266
23719
5668
544
10575
232
36744
33952
35568
5590
26500
5352
242
25757
15765
25309
20077
37002
4673
37225
26661
36424
23336
3143
107
12458
26192
19498
5498
35522
21686
23929
33098
5919
6695
6771
23584
34705
134
2927
37025
34276
12159
12153
26970
34263
35636
17216
11926
37080
34584
36452
15821
6958
22087
29591
25620
504
34268
2717
33763
32504
9910
9881
21819
34954
10579
384
1019
21794
32670
20349
32626
12538
25052
10650
35006
34119
33195
35782
17444
17308
26283
32723
21930
854
6400
4957
25308
35945
35486
35035
22127
19926
29234
424
34972
17653
36568
17608
23258
25265
10687
23549
17388
3508
19925
6423
16176
6032
16159
6283
36900
17438
32247
35972
23683
34737
3517
34500
36340
10645
29039
22075
10329
2707
16092
5205
5701
5601
11205
11585
33813
10951
22122
34719
4701
25966
35072
25182
3856
10979
20145
12471
23087
21187
3846
10410
471
23184
2446
345
21923
26005
21342
32496
26457
36201
6177
12495
15539
10649
32621
36759
2877
32332
19666
6128
15585
12311
33955
10964
5880
559
34610
665
35533
21655
33357
33573
3415
26821
10455
27006
10843
26890
26770
34964
32258
17187
36600
33853
32664
2656
5118
16063
10292
19587
10510
35506
16223
25357
32074
32434
10586
36191
35748
34822
19872
19659
37264
23017
33517
26101
24746
33127
11593
6278
34875
26068
17229
26147
21904
859
33972
22120
25748
11535
2822
6660
11887
21845
25489
33819
23917
23882
34012
12096
36538
24953
5402
6224
10976
23334
21654
35936
15954
34556
34069
29283
10105
5002
26243
19649
16297
5697
10946
29392
15820
36255
36531
2758
25983
10515
12542
35719
10299
1041
34476
36591
23720
29536
36082
2518
11100
3326
32961
10881
23385
17393
32367
51
22160
6854
17447
24817
21288
23787
10372
20125
24837
3255
36485
23651
11143
34977
33724
6299
37279
34725
35588
35780
25026
29057
33820
19526
33
10898
33186
26213
35668
34859
12196
33560
11945
3536
24993
32884
15736
32724
11484
32669
5875
3833
36405
17382
36352
7
11549
23949
36173
24726
2987
25480
34274
3827
32183
2844
6590
4797
36126
3428
11042
29147
15927
33325
5662
15926
2794
32713
19973
34004
34055
10023
21952
25537
37254
35729
28963
34731
36823
6963
3723
9966
21600
32494
25892
26780
6822
36243
26275
6452
29512
36045
26394
11671
21945
29381
5801
25102
5930
36299
33058
426
33654
29345
17603
10611
32416
10325
6928
32849
12242
35744
26573
3327
32420
655
28980
21880
26765
6187
36848
36507
17378
29144
32176
3448
23527
26259
32769
11231
26466
26441
34729
24765
37246
3554
34337
33302
17738
6211
26889
6497
5266
29561
3797
3082
23389
29118
16048
2520
26479
34428
3557
35052
16226
11769
34879
25645
20078
5505
15601
4681
32201
36157
34766
10921
17307
17768
10231
20368
34445
12167
5406
17453
23238
35380
4632
6111
26543
19995
33674
32739
23865
34343
2814
35061
21922
25691
2513
2893
12385
23269
10972
32574
20384
16269
21333
11552
16076
6255
4734
20101
11436
34348
26828
19981
24908
86
36035
2438
10629
3422
36419
21571
26502
21310
36200
33210
5607
35591
2463
26896
5280
10827
4778
3194
36729
28941
35063
3835
21435
2775
23759
25458
20037
474
17404
16009
26840
6492
11167
10342
36349
4772
10013
34366
21995
29341
32214
12158
715
34115
780
15597
6352
37283
34125
17423
34148
34295
25909
12392
9956
35913
16317
35822
437
6641
35696
5740
34392
12228
12290
17219
11123
25439
12346
32663
24721
5936
35037
5814
10020
21423
16015
23857
32315
35657
36562
25036
933
3504
12179
5621
11726
382
3228
10992
5244
29230
15961
17138
15674
6807
36829
34677
11400
11013
10190
17425
6517
2882
24916
26948
21772
4958
33395
33662
843
22178
34843
10175
21963
9961
5927
35905
17488
26327
33189
5393
331
23365
6275
32911
23253
26415
10174
23447
23531
12081
32799
33794
36412
25379
16010
25304
12097
25150
3579
25468
12294
16271
37031
36285
5262
23772
26065
3136
20407
5336
17546
35301
34246
23715
19858
6946
25535
25206
12522
36545
34700
34322
5788
770
19582
36210
32981
835
35583
35503
918
25830
32089
25320
3380
26200
26331
29395
5999
25950
16025
20127
17228
32228
6839
32513
29524
26436
3550
20357
6885
32152
695
3411
21367
20303
6944
36979
34386
34504
32757
25782
37122
25108
23194
23718
21687
26409
23860
6042
6185
182
26621
6689
17558
5475
32937
12052
11854
6425
26086
11017
237
17269
37233
21960
32896
35000
21536
32683
34436
26159
755
3543
4800
17517
2693
5086
19565
17255
24687
36944
34881
29011
4857
11573
5035
25681
6837
6174
34535
757
17375
10344
3709
11144
12489
3691
34566
3803
10450
32067
23277
25969
4764
923
24747
32125
16044
3521
36975
33473
6645
34491
12492
32841
32534
6341
36434
21751
21817
19539
738
6035
32184
5720
21653
23738
5360
6098
5983
26530
5045
2682
23008
11913
36458
23723
34330
17395
19894
34280
10104
25369
16253
2460
19949
23692
36925
29358
6202
33930
36107
19682
11153
25544
6018
4769
23055
21532
212
694
351
19483
20184
2559
36736
23668
34558
26844
17389
25053
15612
15594
25778
37040
26493
36269
25790
12127
24922
6487
12102
23546
25754
17368
25610
20123
10821
29436
26775
26314
10443
19754
11329
33005
33065
32697
26020
26174
6588
36798
17508
6705
35071
2428
26735
34583
3273
32936
32662
17148
35851
25349
2971
15825
29049
12305
36268
5907
29515
34340
33311
24799
33207
23919
12077
34409
26265
11875
35601
6316
6421
36873
12203
11034
33483
4623
16130
20248
32578
12390
36266
15986
34841
21598
12298
17715
6742
35480
34022
6669
33463
25829
32561
21651
25104
15611
33515
15960
19665
196
6770
33399
10907
19900
3551
17726
23305
17686
35953
26221
32284
35606
22149
5568
34692
26417
20113
16122
19667
29148
33241
750
11198
34609
34747
17718
2450
10044
6897
34586
26769
5587
16319
32507
32857
26414
21445
20069
33337
15706
10847
34419
10439
25038
32022
34531
19749
2926
3454
10685
9980
32492
3137
33890
23728
6866
11022
21252
25429
17346
17811
12514
24779
32809
17511
10607
10831
10651
33073
33175
34373
35976
17360
36346
5848
36808
25998
34067
5450
10635
23135
3623
15878
12247
16204
10352
10573
3322
10060
33600
21193
221
3015
103
23652
6747
34218
10879
33765
3546
36533
11217
25762
10462
37218
5490
23487
26025
2881
33980
36091
36745
11855
33468
11687
3225
11637
5650
12241
398
17759
37247
33957
21728
37117
17737
6193
10666
6833
34015
17331
17555
898
11376
10384
16243
5737
24734
25155
34614
33484
34085
3620
11228
33625
10090
10293
10053
10797
33471
4869
10250
21851
6959
11536
11044
17178
34111
25798
11957
17436
33299
36318
37261
6565
19650
21595
17177
20213
20059
35633
36615
36240
25953
21199
6746
866
36394
29529
26852
32034
11589
6063
26607
5704
15805
2770
886
28975
6736
36187
10324
36408
34854
32515
33736
25344
34960
35436
38
6841
26311
32255
991
36025
21567
17377
885
934
25861
26721
10803
36366
2872
2738
25985
11547
505
12050
2901
21328
25199
6520
15732
33971
33124
37077
24813
34279
590
23228
33261
21657
6782
20339
33157
24866
238
4925
25736
21966
21437
16126
6869
36908
26093
36766
6317
15593
9926
32296
410
35011
32918
16245
23070
34161
34768
9954
25991
23244
11199
4641
5516
5212
21898
10875
33007
25902
5554
26982
19686
10822
6389
23864
21391
2863
5528
3417
33954
35068
12225
22194
5405
11076
3791
32209
11638
22000
2753
26718
26708
16331
25374
19759
15578
34032
12478
457
17466
32593
26619
25773
37215
25784
3129
19555
36642
25099
10433
34718
29097
33386
25022
24781
29566
15718
6643
17358
36212
11297
15530
6232
25834
9906
36572
21706
15946
12143
6761
3121
10991
25837
6183
15870
6472
32795
2558
17349
23136
12152
32427
6407
33571
35433
21495
4850
34896
36685
24696
32722
37027
2540
9886
22006
22079
34380
11664
10642
34579
16175
6879
418
11975
21307
5955
6214
3139
29151
16149
34072
36359
25739
3338
3165
965
36726
34641
21958
26133
32151
5474
32668
3619
2529
19489
33279
36489
26932
15748
3451
12555
26474
3494
36958
6559
5655
32175
21272
9882
16005
11974
10357
34961
6962
11784
4927
32287
2990
35625
23407
11752
35333
35769
25116
24829
6528
33496
19488
11622
573
36007
25803
33545
23429
32972
16198
35055
3060
32962
23101
5822
32753
11245
17585
12195
29586
15949
35774
16256
33938
34206
5600
6349
29312
24760
32510
2920
24938
807
36607
21844
37014
19841
3223
26944
21882
32331
5678
29511
19948
23301
25839
24723
10950
35712
29142
19546
25276
4942
29215
11766
3319
35691
32708
9991
20030
33585
28926
25534
33579
2571
34481
35929
21759
708
23219
557
5745
15842
19495
26783
19984
24937
32642
33996
5268
21363
36012
23044
36044
15663
32810
24826
37303
11562
3603
21446
35814
754
3458
36893
23034
33351
24756
16156
17186
2743
26381
25007
32093
33264
33341
696
19889
6858
33506
17335
26364
3867
34817
21507
3361
5635
10457
21799
26938
12156
34785
12536
6779
10346
9984
3207
10570
32353
23573
25061
36166
35837
278
22141
34803
32136
34743
3006
26185
25636
11272
32735
25597
5968
29019
32376
23086
34568
15774
21517
922
267
4994
21583
19979
21192
33713
21242
32935
36014
10321
725
5427
17679
11130
23725
37168
22098
32538
23252
32714
36748
34121
16031
2751
17612
23561
9982
25067
26475
34333
9858
19725
100
6026
35018
23208
36006
36215
12229
24710
23605
9934
34350
25137
786
25699
157
34873
3275
11129
33021
12202
21720
12148
5808
3710
769
3170
23102
36186
6250
21881
12347
15937
5066
32132
25263
26003
25866
32865
32929
33136
6613
4844
34818
29585
32902
23485
35742
35530
23710
6277
36001
29070
36256
340
4722
36294
6245
10550
3834
35468
23210
10445
32648
3468
33197
5361
29119
21912
25371
11621
21891
37036
58
3712
23319
36575
25385
26256
10420
12011
35752
3706
11501
35542
465
11364
10376
5593
35892
25519
26398
2819
25012
5316
5370
20010
24770
26069
15804
32358
10327
29424
10045
33985
5015
32038
25565
35403
12217
2542
5379
12255
29064
5372
23752
26859
15826
3821
34777
3823
17336
10552
5748
26119
34479
26208
33122
15708
10366
21293
19848
28939
11925
388
32536
35469
10804
21370
10405
36552
32876
29390
445
33478
36053
29098
12532
36620
23095
19540
6748
6348
17638
10189
32259
11274
3402
22158
12066
23205
19826
25800
24896
6948
25010
35887
21604
5620
6698
6122
3090
17326
4880
29583
36486
11246
6339
3581
15899
10480
24900
17764
3177
20263
11694
20380
20350
2599
26152
6519
23777
10717
25474
33403
2784
12181
17743
37169
1028
16320
34331
3047
541
10559
15555
32230
15625
20043
25533
23157
703
32446
4782
33838
32455
34256
19818
12098
5971
25718
6816
34823
17744
21931
33348
6346
10741
20432
22074
36853
28924
21321
24686
33535
24739
26752
12093
36737
5051
25347
34304
34113
26210
21262
26521
5297
11119
76
3193
36623
19579
494
32131
12198
35874
23769
35454
21783
26636
10497
205
916
5426
36449
36287
17341
143
25272
37033
10767
25195
11882
37236
32266
26925
12103
36825
32135
36492
23242
81
17305
25816
34987
33823
37217
10027
33912
32612
23639
19656
10280
36253
35778
15951
19596
3772
23848
32225
34459
20435
10360
20062
32926
172
21389
19697
32452
32239
32613
11780
35681
23580
32707
23542
26664
12058
9919
4956
17426
3030
24722
32068
33784
36523
36219
11512
37288
6101
3244
29492
4885
5839
26904
15588
29486
6612
26576
19921
21603
1002
10265
6940
36056
3203
26798
21594
32601
23227
17328
4691
21492
37088
35725
34929
5253
34792
21832
23332
11328
26496
3175
2939
34746
26232
15819
33309
17657
32283
23404
35325
20436
21658
15993
33922
19798
23420
32291
36916
22108
35064
6438
21280
33135
15619
21948
10063
15858
37023
35853
25255
32444
20180
23934
33949
20246
25084
10428
3640
29346
12394
34086
23039
34045
5855
25375
12467
10123
19944
26846
26738
26064
11609
35359
6053
33417
32861
26893
550
26150
29205
5314
6676
36178
34639
25808
29229
10711
17150
5670
926
19959
15610
722
33015
36827
20167
6221
26478
2608
10482
26596
26128
2767
35882
2687
5132
19831
36567
23620
12280
36789
21508
5180
4849
4817
17197
35855
34795
25218
25925
16309
34888
6491
16314
25175
15737
10824
4779
4929
34520
32528
36684
25516
25335
5932
23386
36153
37118
21472
645
2453
25190
19701
23399
34181
36051
25716
24992
21360
25758
35515
19969
21494
23887
12463
35946
9945
15861
33340
34922
34973
12340
37221
17471
26520
23611
23290
5423
11838
21530
36300
6821
2916
33583
15693
4881
5389
33976
29062
26832
32920
36161
20019
3453
10954
25011
19847
32960
21544
11419
6196
10050
25449
33539
21414
17401
23673
33489
25585
36534
32553
523
34957
10517
26984
20054
25321
34605
817
35409
25890
25696
5422
22083
3584
17767
20260
6664
6120
37317
36410
2675
29261
21984
3187
11203
23915
34824
37001
33212
259
36315
22003
15989
21408
20391
6880
822
26430
5750
33146
11737
3369
5583
187
26345
17633
33756
25234
23027
16232
26683
17323
366
25630
3072
11862
34839
2984
24941
19755
818
159
15931
33008
11500
35830
33129
34842
29564
25981
36024
34643
16006
23505
33693
21643
17225
4891
24880
29288
1013
19767
11438
29396
36334
33606
2734
25110
29405
26399
6397
21925
11809
34011
21527
35304
12483
11449
3605
19960
29588
11036
23218
12064
33298
25466
33218
32826
26736
37086
2476
33461
6606
17685
337
2480
15818
29047
10196
35941
19671
33116
35903
34418
25961
34563
12071
21803
22093
5309
36966
23373
11361
21743
10721
34114
36329
34602
5303
9949
35956
1022
3652
10278
6764
36761
17599
25817
19557
6915
2809
20352
25295
34360
11176
24797
32059
36875
33416
6207
17582
29152
25210
23216
2825
33725
25673
17766
21499
32237
21326
37149
5338
10322
25185
36570
34829
24893
23477
25048
5013
15943
6728
3281
36704
34864
23061
35497
19875
34968
36994
2543
36689
5391
29412
24752
35971
32086
34270
2715
35358
36866
21886
6923
11136
19544
32654
372
34667
20258
16332
5221
29558
32541
5815
16000
35010
2999
32732
23739
4836
33062
19663
23706
21531
34733
6512
20203
23636
34469
36792
5173
15725
34652
32042
569
25910
6314
35648
3010
5632
4672
34638
15806
6247
34505
10464
10731
22100
12262
11277
10653
35485
25740
20332
16064
37005
10418
11659
36700
11429
23624
26214
11982
33677
16302
17194
202
33965
26955
10668
5700
24800
11077
32085
26139
29087
35569
32105
25915
6966
21726
10318
3883
21551
12337
34204
3614
19683
34507
21608
17635
36447
26300
23246
3862
12038
12073
25307
6476
23924
17547
89
21434
23653
4670
15996
36939
4939
6241
33534
33328
32717
5777
33873
6685
32993
10185
33624
33641
5502
912
20253
34590
35750
5359
42
19634
3693
17506
25976
22094
20305
35957
4870
12267
12360
23821
6918
20165
25186
5272
34679
5117
24775
2914
29136
11354
32524
33570
32706
3600
19961
34108
34401
3864
4856
5278
29243
17146
17210
4892
36786
26797
5892
1037
4740
11032
15729
29108
34752
24887
36927
34918
36515
21769
26416
34714
32881
23945
34105
23090
26118
1030
6203
32710
5017
17542
26740
22202
32599
10536
35806
3716
10889
33405
36422
3147
4753
379
6936
6561
33886
12533
6790
25168
4686
24892
35550
33807
25334
25747
5356
26438
24745
4792
33612
11348
5870
25111
5449
23844
35788
6490
22076
11188
33120
37171
23047
25514
25903
11546
34014
11897
32458
3124
35684
36277
11692
33131
2610
26076
33780
19951
20091
23049
25130
33737
450
6557
20242
10046
6124
26094
1007
21444
19938
35723
9959
12049
9832
36985
10725
5116
12289
6265
24984
25687
11458
827
26492
36493
24743
21597
35805
36477
17152
5657
19882
32370
17293
29455
2498
21816
33160
23479
3250
37260
35731
21260
11894
33179
25693
19620
25943
162
10311
29168
34849
29487
28994
5719
12540
11196
2619
25258
2523
6702
29075
34624
2686
12062
34787
35911
25870
2821
25796
34369
989
26657
5911
24913
33438
37083
322
9828
10470
5682
26112
564
29126
34727
10383
17746
19592
19920
21965
23454
29054
17481
11755
33953
34730
10637
23745
37062
28
26941
35813
12176
20348
29226
2797
34209
29496
26217
10109
20346
33250
3056
6433
6370
20097
17407
25101
6055
10530
2897
537
34984
9829
22050
10791
32127
21911
10543
12510
34142
32742
2701
3745
35555
5313
19800
25500
17551
32297
20076
10995
33106
21354
2579
35326
23635
4726
6508
552
24858
25413
24973
35864
29221
32521
32760
34327
10078
6079
23819
32327
3296
11551
35397
33297
258
32078
12309
24861
5611
25727
11629
4979
2546
32766
10981
26901
858
23108
5768
17661
36800
26088
11630
2961
36264
21291
34135
3544
17678
35634
783
6863
10107
6477
35327
19797
11252
566
33726
904
23176
17763
15669
11689
25792
32369
2824
15735
35721
34962
25933
15764
36342
5149
12460
36124
3206
23554
22011
32310
5129
33966
2547
6080
12378
34551
12321
6073
5755
5897
16288
32481
690
6826
10987
33848
21617
967
3616
23063
12420
5566
19571
4637
3238
4805
34767
20411
25511
26236
4846
20376
326
3837
11968
26130
36233
21451
26248
10749
21250
11189
34472
6965
128
36138
35394
19720
25213
12002
2552
11976
21967
37313
37124
36016
36756
4950
21210
16034
21479
33443
12070
29084
10634
5881
36871
4758
26268
23167
26198
23213
6721
2683
35459
26486
29554
6718
4730
11075
36587
3122
25254
10412
145
19602
25929
3286
22089
33973
11839
33801
24804
3549
15772
19916
909
35449
32164
19723
29472
3648
3298
11420
907
2737
32232
9988
5627
3229
36169
37298
17320
22070
34794
20131
2957
35942
2685
33087
34995
35466
6787
2860
25002
2754
23906
164
35819
2993
20446
12520
36033
15565
32097
4949
4768
19832
26729
20415
23310
26965
521
34782
35517
23829
10781
23577
21461
3568
23880
20204
33754
20206
17729
32344
34367
32800
35987
839
23498
32137
5797
33441
32181
36663
36814
6607
5649
34324
5465
26914
25594
22148
5684
23500
29188
35418
35923
37052
9837
20172
26700
3123
15677
9971
5843
25388
5616
20440
12078
21951
17689
25580
20404
2488
32658
2679
23892
3512
586
26372
19736
12138
36657
10701
23665
2517
2996
3069
11214
23812
34140
17417
17502
413
29330
3347
3114
32934
26142
3871
5513
11115
25373
33040
26789
29327
21946
6527
36579
230
11230
3624
15799
21386
34760
26400
26516
17452
26786
3160
25325
11485
33775
19815
32381
29100
6396
33300
25743
21692
35565
33373
32317
5291
12258
35306
19505
26794
11792
6794
26227
5779
36470
36652
5758
10301
32289
6036
12431
36909
4634
4747
17704
3577
29513
12183
33374
33284
17175
24952
5746
11456
19774
17297
33427
25001
5931
33090
26418
36332
26911
25339
15756
21415
21217
36616
25958
11253
23263
10864
15771
23032
26347
23895
4677
35714
6859
36275
36918
29096
6700
10854
34840
12367
2925
19865
34992
32308
36965
33858
25668
6361
32853
6860
9990
25345
3184
716
35066
12438
34660
23271
6931
26863
15995
12027
36964
968
11929
12388
11488
19509
17814
26887
16217
21222
26992
36265
15873
21908
33173
20439
20383
34278
32449
25125
29010
21416
26647
496
5614
36772
26717
21789
25270
25181
6679
12000
23504
25380
21887
25463
25971
24903
34632
25846
12283
328
21576
23908
36013
4874
17457
3861
32996
669
2494
9860
12409
151
6503
16325
11534
26136
20209
26603
12293
32623
35839
36284
29204
11239
33112
349
26537
11861
26054
35371
32851
33432
17512
32913
29537
12312
23654
3091
23468
34430
15617
33194
10451
5693
10896
5501
33456
988
19999
36634
6405
32044
10961
35328
5399
24957
26679
3639
33701
12120
5960
35513
11251
10040
25852
12008
33699
32603
21298
21194
19621
26868
25552
5504
25569
10715
17693
25995
32460
3545
26087
26571
32630
3829
34242
6125
3670
29137
15686
25486
1010
26899
10377
32169
33025
10033
22197
20173
10051
15988
21662
25367
4746
17
15796
21491
10516
32749
23528
20392
21347
6581
20300
33290
20060
20051
9974
5416
6334
925
26640
346
401
36143
34629
37289
37229
873
36441
26973
21842
21836
36945
25735
16342
422
20419
15958
35995
15701
23911
29123
32073
37209
6974
29195
11669
34911
3705
239
21548
2935
4658
22165
6501
34130
558
4952
929
454
15976
11851
4972
6149
34565
16104
17642
29109
35002
2694
10999
36313
11542
15576
11751
10982
19676
397
11461
4948
3686
19988
17771
15935
10997
34420
11117
10170
479
19893
11912
23629
33430
26179
2605
5242
11279
34607
21339
17361
34646
25279
5877
25032
5851
11096
21503
5188
11284
3366
37102
19525
5834
34466
36149
36882
25215
10659
3507
17264
25789
2594
33426
35916
20413
12053
16151
374
11736
24699
12326
23446
26023
5953
33721
3759
29265
29435
19570
3005
10819
36937
3251
930
2691
9935
25865
19795
34265
862
34867
5887
16011
562
34606
2572
11040
3245
223
9838
2613
5006
20175
33670
5613
35764
15962
2723
26994
25896
36061
33142
9907
32156
6285
3646
21284
131
26598
22109
2789
34220
332
19836
20369
10337
36463
23333
2976
15540
28930
29067
36923
24831
32335
23051
2944
5011
36066
15812
23894
317
26149
846
26791
17357
5818
25561
12525
33751
11095
849
26308
26746
5533
20232
6402
36206
26732
15936
25572
20442
2443
32616
3842
37034
3054
11590
3777
3656
3757
21205
34920
22044
21515
32185
10980
33211
10411
32160
26585
23040
9896
34944
34139
12197
12069
23625
17709
25076
37059
6219
34635
12341
6683
29035
21768
33540
33830
25499
36933
6981
2827
5827
2639
11323
25574
5407
11928
11311
23012
11491
10487
26779
6410
12490
220
20382
36102
23886
26623
194
26387
10748
34885
23366
20151
2577
24981
36421
37170
2719
6692
23224
33850
33906
29065
5666
3033
36626
12304
36817
35856
36667
3032
23158
23695
29031
23021
5040
12512
19586
25226
15605
3613
6236
26225
10079
21805
3728
6877
6388
21249
11656
10592
37177
2537
25984
25710
5155
3212
16193
33696
11381
21927
21668
26880
36928
32895
33410
2536
575
11085
34936
11346
25296
41
25169
9876
29328
6608
227
15687
3265
5331
2774
36245
36791
35665
11303
6077
29531
34598
21454
26834
9854
24682
19729
34595
32186
34902
4996
12166
979
26056
34935
427
21251
10836
33043
3617
12075
37310
6075
17785
2667
21697
25967
15633
3074
19726
29311
22136
10842
29589
11783
11801
10723
10784
21528
32388
25819
33020
3425
25302
23129
25604
745
33079
10823
25669
34788
34216
24926
555
2745
548
12382
33260
5364
37078
19998
2896
20029
5997
26508
24713
120
17529
37319
35040
6887
5641
29149
10309
5158
3841
6409
25311
11383
32096
23709
37139
12072
25123
26484
37152
16123
11811
29090
23717
6797
11358
23364
25595
33788
2681
5883
12302
28942
33860
33855
25081
998
33251
11782
3329
6594
26597
20028
34212
3396
21671
6824
11642
23175
9998
21332
11433
25043
660
33857
10846
15523
24738
29081
34230
47
32568
11649
25726
3270
15739
10770
33669
33514
19514
32752
23822
6725
704
6399
32430
35661
36382
25402
3426
11721
26602
11031
11525
20063
25312
32070
2473
37161
12277
25419
5592
195
16120
3806
10984
15558
29599
12497
21253
32395
25362
3724
25428
23249
26539
35669
10218
35024
19887
5837
23511
6961
6086
33215
10479
34877
26742
20166
33531
5121
5988
36590
20365
12470
2834
25600
12353
29296
19614
5454
33862
522
17630
3344
34285
21466
33353
33516
21646
6586
36353
36983
29594
15545
23705
22052
35907
19469
34283
4961
32366
24789
21775
19819
37206
11772
15885
29501
22104
490
37235
29293
35594
2803
3719
2508
5957
6494
111
5732
26419
21934
10200
35613
12150
11510
3350
180
11612
2913
33455
21709
26843
20100
36998
25644
1043
863
34451
3360
2670
21520
11459
34177
22091
2873
6144
37167
16211
29089
924
24753
35981
21914
22040
6602
5374
32223
10186
33004
21329
6618
5269
6266
10197
34716
33969
36387
35062
23618
36506
36599
19970
23118
25977
316
32027
2593
17723
35969
23416
15844
9914
25256
15921
35985
19635
21552
29300
34513
21457
5365
2609
15557
29116
35022
10070
35829
23410
15938
24966
2499
21959
22018
15645
3026
32180
23155
33422
26473
20370
35387
11000
35319
32457
26454
17544
26931
25662
11178
32465
35017
20193
10121
751
21606
5363
32026
23427
19567
11502
2530
3146
17486
32712
10168
21525
32422
32227
6595
11922
11517
11125
22026
20041
33167
3104
429
11890
25438
24956
26177
20244
36970
938
15664
23165
21547
6434
22095
35464
26191
32509
6627
36884
20397
33556
17680
35474
491
250
4842
28928
19479
6488
32596
6401
32793
17166
23211
11836
32355
34096
36988
10202
2621
32653
17541
28977
3357
15637
29241
3349
23770
6521
17728
29504
17350
17794
33530
20338
28997
17478
11071
5318
24684
17208
32456
34915
20185
36582
4771
367
9869
33577
26106
6820
455
34364
25017
32477
34390
3048
20310
11200
33778
10835
37132
11391
6518
34744
3629
24750
11057
33498
15950
3872
35689
26048
10052
21255
11166
35348
6719
453
29343
5749
37210
10317
6043
16087
35545
33281
26242
24697
946
16344
12320
34281
35622
21417
3019
10287
5323
10928
37144
4894
34508
32374
12132
32957
33155
6979
26762
21215
33843
22099
36311
26148
5005
4627
5430
36263
717
16213
6570
32293
3002
16329
6610
26455
5027
29334
35347
11448
3427
33755
15509
24961
35939
6836
23372
35406
21418
12485
32145
21924
3337
35934
12373
17619
19503
5466
11175
10998
6332
25720
21796
34674
21681
3732
16231
29008
24849
17752
32469
3644
32483
29590
697
32141
23067
5459
34474
17224
3502
26085
26988
35573
35013
9842
5417
34179
23923
24809
23235
6626
3730
21448
25460
10089
22055
32789
37202
10030
32980
730
12407
10008
35802
12111
5539
11112
16067
11951
6028
17712
33921
32824
3727
35820
10571
19608
36176
36819
25714
25582
26554
5185
12133
98
37113
36451
10848
25415
5209
26761
36083
36555
33806
25704
35999
15615
19958
33409
24807
33452
5994
23147
6176
34649
26600
15680
23762
2444
35635
15798
25751
3077
19590
29051
213
404
300
2992
36815
35685
29161
11070
26338
459
34407
25660
3888
19746
20410
36540
26553
35827
34346
35912
36080
4795
29270
4823
29278
3866
6637
19560
28961
35570
26745
4619
9905
25777
19684
26092
36602
20459
26222
32081
23458
26888
36000
9890
23457
10623
29209
80
19710
26960
463
20462
36414
3720
32932
5252
6873
36043
26244
17348
16147
17318
29193
6703
25117
21855
11430
36793
33303
34000
5068
3859
19538
16199
17702
6170
2452
5254
6286
23356
3237
11699
33204
20284
32681
21964
24793
2907
36469
6260
35535
19722
34235
11457
12444
11309
11666
4826
3884
23043
9823
32033
11194
17669
6895
23591
12080
34192
6190
10856
29526
21534
6546
6741
25899
5756
23781
34762
32632
33205
26255
15893
36795
11043
16012
24911
26090
36461
24905
35060
33940
37131
20088
5553
2982
36267
17464
21318
23744
15562
5586
35921
5150
21926
32187
29194
29048
509
2959
614
5545
6711
22128
29307
23351
4700
32200
284
34593
24810
11668
17708
26531
5014
33789
37057
25959
5346
24998
5799
11548
5019
4703
17291
26856
37133
19869
10783
12406
33661
19871
24768
10696
15586
26650
11396
375
37089
3749
12147
4645
20336
20353
23750
33925
2714
4862
20231
23141
35597
15704
32798
33840
3274
21999
33660
5500
16109
33695
25625
25197
3292
19806
638
10166
831
2492
26996
26368
24951
33396
32986
536
21238
19851
15768
36112
11919
32363
10574
792
5228
15801
15758
35415
26309
11380
36546
10737
11092
14
34828
21228
26140
17813
10135
10540
37302
25653
33885
23179
10151
23397
35803
6227
36899
33143
25149
6817
34083
24680
25941
29542
5429
193
12278
19790
12414
21243
33795
6789
11877
29196
32535
26867
35779
17656
3734
15778
856
33019
32487
4666
22107
10973
11384
11201
26704
33665
29384
26525
33872
25650
36554
25467
11920
33507
247
15526
12137
16266
12115
25274
15688
5234
255
3042
34398
12260
3641
36839
6161
5099
5225
17306
156
12440
26318
36952
25949
11641
21754
33805
647
11674
3799
339
46
35621
25562
16184
295
3575
26363
4659
11080
34810
26833
23174
16142
662
34178
6083
5154
26180
20156
21672
6262
20017
25584
5653
11375
155
23574
33546
20009
5754
3832
12276
34836
11224
10537
11650
26652
17735
26809
26465
26518
34231
23347
23437
22134
32519
2573
26897
12484
26108
35901
21644
23382
5769
26326
26481
19601
11152
25603
25750
5140
15591
10058
32615
24709
6258
35045
3444
4884
20270
11269
17179
16007
4757
28957
29457
4642
32559
10259
32224
35816
5380
36174
35869
34362
32737
11519
33294
4920
20418
37041
21637
10944
35638
273
10169
32476
25707
20161
19511
16251
23339
10000
11786
29160
21885
11473
15816
21582
25732
598
2696
36235
596
36147
22023
26958
28971
5472
5922
6019
34049
35643
36697
12244
11266
21987
21256
33797
29233
32518
5847
10012
16315
2837
21710
11169
37290
34686
20107
11005
23191
25159
5053
17213
26470
10858
22092
10595
19515
35645
12091
9865
5349
32189
23486
29139
10794
10658
3099
24949
36271
34410
22008
5741
25472
2524
36768
2951
32552
26155
24702
617
3733
5441
33576
29073
3535
6932
23872
2937
56
5735
34184
5240
5706
37146
6110
35996
658
20360
29538
11126
36856
35708
24906
34457
34310
21903
25946
36810
5812
32126
25078
5937
3460
11292
5330
17790
36771
20282
283
34538
2629
33213
4754
36148
32832
33286
33428
5532
5672
299
3260
26205
10187
26376
33028
16294
36576
11163
36619
35053
24717
32984
36117
29565
15675
5037
21916
33864
17396
6415
36288
36892
15691
25657
2776
23272
3526
36710
33439
33587
6298
3685
10498
11091
10492
32290
3201
10397
33128
6469
35846
23062
32671
32594
16346
17241
33717
21484
12088
21993
32801
9895
33533
37095
11353
26211
11317
29473
33772
20318
34868
32701
6263
29495
11830
35954
12331
21317
6319
11470
2588
2448
37011
21441
22065
21986
5264
10427
17338
24806
34621
4837
36249
2783
33270
4737
17405
36549
11617
3567
23255
25131
36399
5012
2655
15953
26515
19965
5410
11652
16128
759
32486
19699
995
15779
4622
23335
29306
26497
21740
63
35567
2843
37094
9923
36202
33289
20290
25100
23053
19950
11541
21470
5821
3364
4724
6406
33959
24802
17755
33929
17370
10150
36597
25205
10369
19929
33719
35699
20359
25549
11401
36968
15672
21421
10641
3714
33770
29357
2658
240
15542
34223
34318
25211
15602
17279
22014
11797
23450
197
34681
21957
6952
9978
29024
17625
5110
36906
33447
6058
25621
34713
36142
12124
37115
29167
33731
10198
32403
12413
6549
33753
23394
16083
21335
36519
12126
3539
23899
10500
5271
35383
25702
34945
11615
6536
11722
26985
11190
36310
32234
11098
9920
21767
5448
198
25305
33307
5560
3583
26900
15751
6828
35965
6696
2864
11635
5550
5858
19808
26963
11135
10038
26754
25046
17710
16065
32883
29399
35640
23107
24934
4852
36415
26412
17576
24740
34400
10271
35484
144
12356
32556
17284
688
16137
5320
35423
17634
34244
17695
10354
35395
4917
33685
26552
3346
11648
6575
25528
23467
26375
9958
22012
28987
35050
26062
5591
36252
16090
581
29375
26725
11594
35541
35873
17290
25877
33630
6049
5945
24830
19653
23555
10226
33389
15769
29454
2548
33301
3595
16066
2570
29189
10895
11667
21695
33287
6294
26685
33715
3532
35804
36995
19866
23661
26506
37248
35713
15710
34443
3493
34670
6743
10584
954
16268
10845
4937
16061
37072
36280
2663
2600
5579
2647
27002
26178
6680
35948
29317
5022
12271
23879
23106
17235
10959
33288
29286
34275
19914
2952
4798
35417
33052
36935
12263
431
10359
10640
21806
11733
20128
15843
25831
26878
10740
312
22019
32597
21575
6381
23276
36593
37049
35867
17483
32983
24910
32243
16284
3316
6767
25364
21570
12162
11742
26873
3573
34682
540
2642
11683
3404
12370
9835
29172
6900
20194
5625
11289
20252
16242
24766
19705
253
34145
2475
15972
11563
3261
23761
305
34480
17809
10069
9887
23307
29273
724
17254
15749
15631
29451
6050
15909
35616
6856
3655
26157
5148
10477
17212
6041
5890
6082
37227
36862
515
23202
29176
19695
4676
17791
3138
15666
34239
25556
16019
34352
3310
36525
6545
12339
10796
3690
15848
5868
26072
29105
2716
33544
3875
16247
36357
11948
37276
3813
26467
25495
10905
37304
26829
32233
17711
21623
10396
2878
3586
6393
35507
26463
37220
12426
34799
17663
964
5087
16119
11363
10036
23069
34991
37028
10247
533
22174
21820
6447
16158
19850
26264
20403
17433
36321
23863
776
35020
34174
29366
12094
36530
24774
33100
19477
6579
21915
21341
24754
327
21944
10587
428
29386
21645
33500
23289
28998
26841
37038
34034
34233
3753
10757
33162
34338
613
11711
16074
10263
3465
19533
6976
34047
23784
33867
36351
34499
104
11776
3153
4964
11160
23212
10316
3390
29274
32195
22203
29040
5644
2868
26393
12386
19739
32719
11828
11087
16185
36333
12016
21632
35551
37190
1040
12117
16295
10142
25177
534
11368
11065
5488
24990
919
10778
5070
93
15742
411
23729
837
10257
11029
20034
37104
2973
21638
4765
5917
876
20355
15548
32560
21505
417
34575
15808
21997
5991
17415
35075
11318
5529
6855
32271
33628
17242
23662
2591
12359
20358
23343
6234
11049
36723
25684
2793
2917
12421
32836
5725
2748
29417
5961
36557
2672
21420
5838
204
34470
16084
26201
26082
23626
17193
4926
34335
32956
26045
3515
29028
20174
6890
15517
6431
15897
23593
19551
17781
34391
9904
766
36946
22123
34219
12545
24818
29104
5544
591
25184
10006
5421
5447
37250
20099
17722
3675
36164
34830
23387
23559
22028
32564
32595
5826
11883
24891
20280
25826
11704
2967
6072
25682
11992
4921
12535
5282
11216
29021
26892
25844
25057
25292
20256
5518
16227
34750
35629
32203
34662
659
6281
24700
34979
29162
23370
10345
19862
5744
37097
10566
29367
11343
25522
3045
23442
25655
29445
16343
29318
35967
23161
34356
23096
23262
33236
25512
6798
34293
29532
23260
26153
11063
36630
16062
34349
33658
16257
33968
117
36905
9995
10395
32251
19669
3447
17311
656
3148
21624
10646
22033
3374
16262
23239
32567
15603
20452
12396
26997
12380
26301
23910
26038
354
16095
23730
6914
19679
36742
24909
36079
2561
712
32716
4646
6505
3014
11813
3313
6150
10863
5175
5192
20001
34039
26247
32348
34492
36281
29415
2975
10188
23013
26427
23881
22180
23753
502
11105
11646
34825
6678
3162
958
6800
37030
32333
23452
33939
15851
6455
3707
23783
15971
17322
6564
29183
25517
9946
21825
34228
36598
21565
32041
26209
25619
25399
15882
23182
32897
6295
5103
24927
2977
29267
10989
36099
21514
3013
32194
24833
11812
35715
3665
2773
22001
3393
3169
20402
11155
26589
10866
35607
2439
12381
4868
34077
36859
6793
33042
513
33114
33078
26782
12410
36298
32814
26188
17621
3596
17496
33406
10507
36563
511
19657
6975
5964
22111
36042
32733
36111
5540
10348
15985
15865
5562
6057
34524
34797
10707
20198
6615
12256
11392
6667
35311
3789
6729
11586
35379
34402
17477
37060
29184
4898
34578
26918
3176
23694
966
4813
21609
26850
37125
25127
2544
478
29348
6437
25722
33688
11120
11523
252
36145
8
11423
25239
181
6166
36821
6454
29313
32204
34107
29517
67
4986
35631
32110
15653
6078
6238
25646
10266
347
20181
19549
3071
21419
28921
37015
26894
32792
32412
37165
20345
6576
4918
29467
2755
5317
32438
34826
10127
17316
35375
21429
2469
11878
23746
36807
791
15629
26862
32463
11856
20227
84
32916
139
5656
24935
36676
10371
16145
22063
208
33655
19491
5602
15963
11869
26819
10602
12315
5833
26858
21424
20055
20040
19569
15900
33578
3558
22179
24840
35457
23035
3351
35988
34947
24755
29534
10647
20211
34696
24958
23878
11191
16241
19704
23023
828
24767
6786
22036
19674
10527
11695
10868
34019
34073
36973
2909
11157
641
2730
33758
20420
34314
25540
3172
11857
2757
11241
6647
24902
25557
37116
34765
23619
6474
23557
32424
10385
33564
23245
4987
2569
26263
20323
34838
10203
15836
12472
34939
32122
2673
35300
17412
5882
29037
6365
11575
20207
9861
19794
25975
10244
6648
23111
21245
6003
33429
23445
11714
32281
20271
33345
5692
22078
11989
17563
12479
6416
21427
9898
29003
3869
12300
35868
33315
32399
10555
21748
29464
891
16323
26450
34075
36594
16138
11464
11939
32910
6426
2867
10483
29363
782
2601
11211
22038
4664
6223
36907
20405
33815
33000
3142
32943
33113
5164
16099
34288
3635
10652
16088
37164
6340
36004
897
6005
6982
34880
26620
3506
25850
11238
11892
20092
2504
11347
5476
21679
927
11530
11696
33607
33064
2963
3637
35943
25368
25589
2949
32730
20183
29458
35977
6430
701
11027
25880
26007
33642
32860
5004
2649
10073
21562
24736
3289
32138
10260
3847
12387
2459
21196
32975
37006
26898
34099
32667
26251
36455
17602
15702
21807
36063
26491
34588
24759
34909
34173
602
2445
23544
23850
12044
15898
9965
21773
17467
10526
35309
25897
36077
362
23066
33283
19917
26043
5245
15613
26109
11748
22030
23464
23331
35354
735
2545
10092
33757
2603
29127
11521
17339
19957
36653
35797
33549
22166
5859
11265
17367
6562
6892
36049
9855
33089
4915
35603
5926
9915
37299
20117
32889
19881
16050
25884
33634
21850
36913
32855
19977
34694
36113
25128
34986
20084
36522
34292
32813
17783
6939
23413
667
32241
5042
35993
6269
10049
26831
6707
26252
34732
5552
34515
11313
23120
26254
34245
33123
33017
6313
19553
37090
35886
29022
35728
32212
32698
23125
5220
32660
26016
36089
33039
3306
6902
32797
36158
32952
3878
19986
12055
35585
10210
11753
5899
34591
6857
15955
17757
26526
3694
9979
23604
6470
32432
29582
5752
29398
10660
90
3802
5241
11479
32672
25079
26675
10975
17601
11618
25919
33599
25741
32302
34382
25461
17207
11558
17384
97
34959
34689
32768
17245
2835
16349
35399
17796
35711
26826
33591
5669
10272
15563
37091
19845
15790
36444
32978
6338
36757
4755
10493
23354
11028
16108
34717
10578
34703
4895
25021
4914
3420
36322
23112
34832
4993
2567
4900
37073
2904
6580
1016
25858
10806
36213
21989
4639
33611
33170
9963
29349
36392
17779
2631
32951
19652
3421
29256
17671
36203
5293
32598
3246
5041
5958
11903
6467
22133
10676
17277
32235
36627
26512
34059
33499
23493
3253
25225
37158
15671
2831
5062
23545
23116
3221
11302
16308
33141
677
19615
32609
29284
32364
17352
11174
17450
25152
33735
20276
33951
19677
5470
32040
619
21425
15791
2528
34104
25612
5414
11986
32346
4696
11408
33877
25689
6971
3570
169
32939
1039
11390
32650
5873
20393
5328
6515
33911
10764
25401
35559
36331
21849
2858
2779
36037
34884
32661
476
23422
12365
20443
26278
35453
34687
5710
26800
34496
36008
15712
12318
290
10738
6478
2471
35044
26987
20291
25282
19654
978
6480
25853
17246
33230
3053
23758
21785
36336
32336
12488
34529
29453
20047
25115
33792
248
23384
5849
22140
36101
10786
34580
26320
33274
2677
17741
34038
23256
11394
12251
26359
26655
34447
35572
23326
19523
29377
138
36184
3341
28935
37074
26230
5599
6444
20081
634
11927
29456
2972
12157
28958
29056
4777
5067
20424
21580
33391
24994
5191
24912
3384
17731
21292
10081
632
3471
32338
2810
23608
11537
35419
33415
19471
11698
32216
25622
4774
501
4843
26905
10068
34191
23424
3828
2434
25550
12043
2804
3109
34306
25310
24790
3110
4693
605
10364
33659
6938
19856
380
11678
3462
810
26891
11409
35026
21497
6171
4660
21642
35872
23275
20374
23585
10241
22013
11686
10314
34800
35998
19668
24719
389
3651
36330
34892
6027
29598
17310
21797
26561
4727
3226
11208
2892
32378
2889
21977
33421
37237
26750
25841
3439
29488
25611
6197
10900
3774
5537
16214
83
59
23583
33747
35730
25678
32168
4967
36182
32311
29437
2659
21605
21954
11350
21319
3672
17414
25508
32415
33582
622
12174
10339
543
17314
32025
4694
10158
19789
10106
25551
6066
33558
24931
21894
26047
35529
32402
19863
25609
35392
33618
2924
210
11219
9929
15881
32466
34084
25431
36234
35338
21306
17300
6671
3725
26382
36725
21619
10604
33620
9903
583
19545
11316
10067
36085
3257
3756
26906
35537
29268
12328
23567
11285
36585
9901
6710
36472
15919
16094
11514
377
35547
34539
23891
17561
15998
25049
5324
35346
21323
17203
20334
12397
11964
21211
32548
34948
33859
25024
2666
35302
32844
17557
10442
19660
15670
5259
26146
37008
2620
25651
35649
36404
2941
6724
35450
16081
11624
23127
32741
26614
35767
29535
12446
35895
35592
3522
2742
11007
10463
21455
23185
6922
20179
21545
26074
23395
6213
35776
33153
9962
25875
36205
35890
24873
26160
25355
3197
36730
10899
6967
23472
35902
21214
17283
10194
15538
15678
35376
15912
2481
22142
2587
25404
3773
26556
4970
22118
26566
11437
24791
11288
36648
10897
3553
36977
3037
33895
33586
10193
5239
6865
32547
395
32958
24972
12028
11961
33910
36276
6584
12534
231
2815
19494
23747
5743
9922
11033
29321
19521
20448
24930
11923
6357
23702
26385
11663
25825
16043
32869
36778
17694
16219
23320
22103
11113
12316
34095
36301
10716
6014
24869
35683
32627
35340
3007
11859
36604
26487
29549
15925
20302
35487
33964
6095
33111
21707
11154
35400
737
17651
6442
15579
921
2466
36374
20373
11116
26577
17257
23015
6138
33225
34328
33839
820
19994
15884
19918
20018
26253
403
6690
16168
34489
3477
37100
25158
29223
2505
2710
10468
34807
10630
34198
10839
5376
12518
23265
5802
25297
33394
25249
34396
21689
3239
36779
36959
2634
32900
29063
17168
23126
33635
12465
6596
36521
34003
3343
32829
33826
25932
19849
32688
25244
34042
17773
36885
2849
12248
4991
5829
20150
35049
11321
36058
37121
3530
34665
32445
4879
32050
34789
12019
32114
5404
34753
32495
15722
11953
3793
11815
21971
32064
16328
4997
5377
5555
11110
9830
3156
106
36677
6920
11611
449
4928
12018
34189
25779
25172
6835
21516
4789
11339
5585
26426
5251
12445
16174
233
5631
33381
24907
25459
3342
34941
33070
3331
6953
33684
10813
21295
21489
775
844
26168
36543
36150
11588
35910
36860
15649
29326
34037
5844
37309
33314
25501
34068
36039
5152
25163
26908
33316
20255
26559
23799
37271
1006
10837
29004
23754
29260
11723
10853
26654
36067
26999
12177
6249
11511
12333
23045
5709
32498
37213
36565
4709
16276
36460
25281
32323
32371
3119
34772
36218
25096
11837
10294
33787
10736
16071
19773
6353
3571
29580
11675
11319
6158
24942
3597
23401
12076
4728
37253
29297
35324
25992
12418
16183
26144
29322
23606
11336
22045
26885
12092
4973
33879
489
36963
3664
29355
11373
10667
11111
10689
466
3755
34516
34195
3067
10761
6589
16261
12547
21220
26802
17428
16078
12119
3853
16248
10139
787
22072
9938
15508
10413
36019
11263
32649
36596
19846
17165
23837
35850
2739
17251
21677
33342
4699
3761
26009
37021
17495
6485
19707
23836
36548
19694
6015
6239
36811
10331
17419
34861
10506
10596
2527
17594
11843
3125
21353
864
286
25443
36438
36278
3215
6134
29120
26763
22081
22177
15724
21810
25824
37208
4738
32166
36665
33893
15783
3086
5512
25921
420
23173
3687
36464
26847
26712
11465
20201
23140
5326
29302
21480
35298
19625
11515
25695
22043
26642
16206
15759
32226
36479
35738
35470
33097
23672
25469
25444
23579
10554
23321
26030
611
17371
23614
33676
21382
2589
23408
26806
10661
36347
35065
29539
29465
17575
500
2580
4953
19504
21811
23790
25744
35534
33267
15957
19825
21866
25586
36803
12033
15600
15720
9844
34690
28999
10877
36699
10983
12416
28945
2829
15744
644
17667
3231
15794
33651
26121
11623
34290
6773
24803
33324
20126
3461
2998
4629
19626
25294
4682
36813
23283
4787
20136
32087
17362
25416
10062
32788
6420
25231
35655
9964
34998
21315
19976
79
26845
33990
28927
36504
21540
25767
6848
32470
3845
11225
16178
10438
15510
26141
6107
25663
21377
10144
10504
29279
12487
21368
25698
383
22059
35720
10673
36040
24795
4877
1038
6715
15592
33712
2641
36272
24796
32580
4667
34008
287
33550
17613
26686
3480
21456
21189
11090
3305
3105
21538
24974
20208
5277
21920
24815
25924
35492
23463
37050
21840
26402
11955
34277
5373
36360
10926
15660
36618
16037
4809
11150
17597
20254
33882
32771
4628
23117
12237
15684
21888
20233
3268
33741
33636
2596
32686
12376
37071
23828
20381
21756
2848
23565
11387
35697
33645
15656
33102
910
32329
6550
29612
11497
676
11041
17641
32748
36743
11756
20066
36901
10734
29371
22025
29573
24794
34887
12437
33798
5312
10513
142
35357
10605
25874
32410
5928
3256
29562
23073
19780
29545
209
900
26881
5301
20102
3178
24969
11520
3751
4675
4923
26949
35456
12194
37084
34159
29085
33171
29406
25713
32839
34018
21388
10733
34999
5794
19908
17185
3059
17243
6943
256
21443
11012
29304
36214
26143
6942
5439
21826
32360
3094
5898
24731
17772
5914
34697
6054
2772
32637
10912
37022
10825
16351
36949
188
23439
19497
17391
12456
5728
21522
6635
19783
16345
626
29316
29556
36010
11592
10582
26501
23361
5596
5645
10074
17527
25907
25973
23232
3373
21774
17449
29052
26710
11486
36858
9952
16140
35639
36957
5060
33512
37230
26753
26653
1031
6534
29177
29507
6768
6290
21374
37172
34870
5411
6775
11995
32530
25629
36002
32864
32845
525
3718
23279
17276
330
29378
16033
10865
26235
5275
26410
32475
11073
32107
19905
32428
23597
16196
20301
24823
11395
33101
16281
21366
10303
25805
34384
3399
6738
10810
19473
35761
33832
26907
10183
26926
6813
642
9977
5535
36028
3339
10435
32750
11308
21613
33044
6734
17406
4988
11232
16136
35975
22117
23948
6417
23183
36380
20238
36981
35600
34041
35753
11084
26680
5703
10088
23791
761
2564
33889
1001
11817
36695
21693
23403
32837
10338
19779
26816
21578
34357
22058
11276
5878
28960
878
25593
5874
3287
36758
21752
29026
5
12351
29409
35385
19891
33714
19617
17420
36897
5055
35004
5525
20328
5642
36701
10173
6732
20137
5246
3058
35751
10035
26165
4818
10048
16114
25253
25055
5992
21555
6563
5075
6675
11845
37267
34506
4990
33182
21475
32341
36144
5542
19623
34587
11371
12429
33783
22131
10212
11293
10503
36162
23594
4829
654
36254
11492
37044
35789
6955
21890
996
23225
483
3524
6311
6446
12171
9992
20074
9940
37159
33199
20240
4899
35378
25070
23571
35906
32351
36122
6383
23074
32117
36581
10407
3385
29016
26855
26239
24950
12442
34063
10201
33474
15974
6500
10161
433
15589
21453
34985
10724
12435
3592
34061
6087
6304
6662
36588
35412
34980
33943
10426
3822
17141
16121
5453
17333
21973
407
5238
5355
25471
6212
35922
24844
11185
26851
23492
12334
3293
37222
33149
12006
2885
510
3049
28931
24936
5057
32503
33442
23390
33046
25987
15553
6126
1024
35563
23704
5494
33080
668
6762
35442
6116
11858
20289
4932
32693
806
24995
12330
10793
25093
5906
5126
10219
21265
25794
5845
26505
35796
19733
32045
23560
29146
17683
10091
5738
32994
20239
830
5203
987
4976
11619
10076
2838
36291
5219
16046
33761
16293
5578
32727
36934
11554
36297
10509
3022
19904
4875
34845
11038
21665
11980
25759
35313
35575
24853
22060
36603
23842
3284
10269
21553
21863
12020
20427
17416
15883
23664
5181
15654
33262
29323
201
36375
37012
29093
480
35368
32197
26861
26777
26611
17234
12400
26711
36476
371
19492
3747
26796
29232
21719
19531
16110
4796
20250
10281
2729
25697
16070
15959
35896
10690
10941
5319
2781
508
32165
19786
15750
4669
11706
35605
15658
37126
11379
36846
25044
34376
25599
11416
33151
6154
2474
48
3882
26533
25452
6209
6908
11324
11133
11685
26353
21738
6760
2449
16277
36513
11349
37151
33649
33492
35876
36072
512
34742
22051
12439
481
23080
34374
17142
21469
179
23811
32819
17606
3776
12204
698
12372
34722
5345
26135
35552
34397
10236
22080
36389
6270
10064
10220
34856
29397
314
35580
177
33076
29041
29506
26954
5871
15696
9891
5378
10714
25887
17427
17149
12391
5385
21400
33982
5784
2807
2921
5869
36343
3781
20444
4801
26274
3375
3492
33637
37054
33568
34106
32966
4719
15646
25531
6204
3527
33181
21410
33326
17586
37010
6069
33434
5353
20342
5989
3386
23701
6109
11561
37037
33979
5753
29291
26113
21381
3324
17288
25827
34786
15721
24822
23658
11627
12323
20272
11088
1005
5515
33242
23877
3537
19883
6587
19673
29474
21648
5358
32441
35754
26883
3302
19507
21758
10920
32440
23529
23160
6191
25587
3798
10447
32699
16334
35815
36754
24761
25390
935
973
272
10636
808
2486
5008
34942
20285
108
10211
11234
36130
37178
412
33187
34724
21848
5695
21721
5136
12327
11455
3445
21549
34296
5712
33291
35335
17550
16086
53
36932
29170
35673
33134
29
850
32309
874
25252
5162
15983
19852
4812
37128
23757
25766
21
33605
2669
11576
23482
23740
25269
16197
17639
34053
36319
5435
11944
29121
25291
20007
3503
35056
4655
21761
329
25035
21504
16127
21936
26967
17282
34081
16283
32575
17448
29154
6871
23914
37232
2549
24683
17226
29393
12056
35381
5009
33159
32307
5925
20396
10763
5074
19781
16225
35823
21682
25869
6524
26223
34152
11140
16316
21862
4933
11934
32592
3299
17249
12423
15544
17580
26081
6443
6911
32171
33700
36843
9839
19613
15827
10034
19799
5679
33462
5998
311
19942
32988
34201
11651
19868
22198
36566
6623
17770
4662
11019
35611
12268
10730
19964
33404
1029
17256
5091
10937
5677
36095
9928
25358
36055
22129
627
6507
24885
33619
6805
9853
33958
32696
6362
29018
25498
32529
21868
15577
23756
36172
12035
10404
2662
26749
36654
5250
2985
3495
34966
11700
492
32566
495
33223
10617
15752
15642
6373
17390
32817
3309
26568
35619
26328
29510
12191
36320
707
15709
33408
32088
26882
11291
6620
10149
34249
35623
26943
36370
35512
22067
21889
21899
21539
21992
36801
35766
10093
37112
26630
6280
19622
26342
21766
36876
2515
32903
12227
33666
28950
6070
11788
6930
26874
20177
34076
10746
29252
5633
33477
36921
23226
11427
19487
33934
5341
6343
16124
22007
4761
23060
9892
19467
32700
5299
33378
34773
10215
35363
25290
952
33293
12118
33596
10120
23869
6749
3840
353
624
5521
16272
356
37316
17145
32409
29484
19478
15556
25717
33804
36837
2489
10672
34176
11475
26528
35652
35824
23037
6688
21625
34710
34440
35499
36106
33248
25786
21197
34585
21296
3775
10228
29224
443
10086
34305
17611
774
33774
17381
34976
37148
11434
19978
26299
33152
37042
12448
2484
2456
33707
37306
15795
34943
32770
34924
29449
21861
26827
33118
37205
24848
9889
2628
6184
19834
32695
34168
6237
364
37257
15662
25729
6849
32999
10534
26462
32362
11147
11605
32557
33876
11991
32747
21833
11762
6074
29432
32304
3689
25119
23600
12362
25440
33627
26015
5255
32777
16246
5809
4763
2633
26877
12546
985
32339
574
10018
25267
538
2799
2903
19761
10206
6465
22034
33451
438
22186
36110
23488
23199
23622
25734
11688
16022
2788
35015
5733
23222
32036
19643
32532
17239
26656
33998
5395
6605
35352
32589
33760
36199
2514
34154
861
12506
35930
10227
25331
29354
32915
34699
32285
36273
6740
35865
10095
26540
29289
15681
33061
17351
9902
33777
34622
34518
25855
36571
11970
32944
34900
5433
21649
2535
32306
33723
32396
4878
4934
447
3429
729
23328
29249
21659
33030
19719
22049
23104
34194
32158
3235
11341
15840
28969
5659
436
33563
10655
36741
5390
21303
10156
10235
24964
11824
24915
35651
15864
11871
36915
26714
11124
2899
23490
33817
33575
5939
12161
17643
34740
9918
10025
33481
24975
36692
34187
23623
37123
19519
32222
16229
10295
21496
17173
34567
15512
19513
34876
10521
32973
32761
17153
35609
12325
35532
29584
17156
10221
36864
6638
5551
5604
21680
34707
33144
5785
32076
6609
595
25807
25
12168
4999
2956
16133
25979
26920
34215
482
10134
20311
257
3850
34490
29264
26175
5946
6818
35785
10113
5751
37251
29275
34160
52
268
959
16255
3660
3634
23367
17408
11454
23524
2727
6048
2674
26351
37142
5978
4873
23423
11914
5975
10096
34057
23022
29403
33739
33622
3144
26534
5646
26307
33185
3860
11765
12515
21283
21246
26869
32806
3476
23419
945
34511
25680
17302
26818
29276
10772
20116
32313
302
6811
10010
32610
21858
32198
5557
34802
20430
33901
17701
26724
37240
20386
24764
21961
12541
10032
35386
10576
26811
3210
10255
17501
477
553
33975
35489
15970
34698
32047
37136
26734
37068
12085
25060
21235
26224
801
15928
11422
35310
34937
26464
10335
19524
35001
20122
33947
17655
906
6344
34134
4654
16101
33060
25686
6872
33140
6408
26413
5860
21741
32678
35758
819
35927
29578
24778
9925
23221
26574
3084
23499
21901
26542
917
12057
28948
36727
25360
11826
25037
23818
11993
6031
12212
33209
4835
35618
21482
26776
16179
10042
35317
17372
19607
28972
2805
3611
34673
185
23809
36052
36050
26052
17461
16289
20200
10031
15786
36433
20205
15833
21765
17356
25406
12342
32812
26975
33742
549
26499
26936
11625
36622
36705
34552
17472
21188
36009
34332
11979
20112
5056
20020
25862
26049
36679
22106
5527
32442
17474
5563
11568
37127
15568
35701
6428
109
32919
11538
19576
23641
10256
5284
34804
36854
9834
10469
3434
26974
35516
26919
23052
23229
12253
10145
19992
21750
27001
15830
6624
23278
29410
29309
15924
26482
32373
33640
9944
5232
23405
15634
3401
26550
26601
26801
37293
16222
23827
5033
35747
15608
29460
3080
4858
23666
32206
34227
11631
33023
23925
23130
781
5636
29407
19888
3133
29034
6919
10790
33164
11807
35073
17147
15875
37175
32242
21905
16236
25914
34577
23374
25008
20400
26562
35909
22056
2614
37184
11333
3547
19997
5651
29132
34202
32834
9880
6001
24884
3391
2790
21673
29014
6293
24798
17761
10861
21301
25936
9921
33413
847
26350
34482
2604
2525
37
3576
16112
25250
34776
439
11886
657
19646
23667
11024
4896
26084
2597
11001
15776
21893
29502
25988
3717
25781
35430
405
33034
11738
29475
32398
10373
531
3315
12232
12155
868
12201
33099
26433
5941
23029
604
23855
33683
3683
17493
21213
25965
29088
26507
34560
33172
33048
23470
29448
23875
16180
25393
11446
16267
3838
21493
26194
19517
33419
29247
33402
355
34467
3490
3463
9942
24725
23145
26790
34133
279
25041
33845
23743
34232
17140
5915
12411
24846
10514
64
21628
36613
3423
11956
35928
2771
2855
35763
6226
23916
9868
25273
25381
406
36718
17304
3632
25818
25952
4978
11025
29298
24860
16002
33487
36528
20235
17522
36589
3247
25567
36123
3353
6572
35786
6439
352
25412
36512
32053
4841
35925
6257
21304
32139
10333
6135
17236
26924
25944
5381
6105
29568
21569
26197
32177
3009
34952
25434
4790
12295
32060
36348
3280
5510
25974
9850
32709
11808
3394
3647
26357
12335
26519
955
15797
35502
4984
32775
29214
36943
890
22048
23813
10191
24855
33768
25530
10860
6621
10237
21831
4739
36881
25340
3692
34903
554
6819
20050
34488
33687
24963
11560
10594
25333
10177
20005
25082
34990
32551
5776
26807
16240
32075
2962
6039
5193
34494
25410
2617
34806
23058
29333
29503
2728
23056
11179
31
6846
26548
3816
37096
5281
23676
26095
2697
24712
34745
35857
896
19696
6916
11202
35722
37173
713
24852
9879
6744
28993
778
35440
25583
6720
34736
36081
12065
12273
16058
25769
11086
32244
3625
32207
4713
26120
26346
28925
33504
35663
26277
26909
4620
22175
23033
36171
11218
15944
26622
37067
23019
28933
10852
29559
25387
34525
24777
9897
32682
11933
34465
11946
15574
33547
37162
486
49
6088
32665
11571
5072
34048
4909
5122
11337
34798
6569
17706
17270
26432
11787
16348
6929
2880
5526
5482
22151
21975
33476
29308
29190
11952
15698
24828
21685
11270
23349
10126
23094
9852
25153
234
23716
19861
34146
5792
29050
10394
11489
25493
33271
10678
32219
5018
16326
2918
3741
10562
5639
19757
32199
4665
12338
35694
17392
33176
33703
33466
2978
35604
29368
32352
12432
26166
298
34253
4618
36231
10253
20032
21237
34298
36030
24895
34321
11985
11469
15583
34477
20079
33920
10217
19885
2531
25916
6769
20105
19651
25481
17374
6538
36217
26289
15535
22161
19899
3849
37315
26158
4729
10788
32279
34564
26078
15917
275
35809
23801
986
33766
34182
23144
25860
25056
3052
20004
2441
17531
12114
5929
12357
21380
6473
35826
6717
19573
5685
33992
11386
2749
25151
23302
33827
2519
5820
11068
29483
23054
35479
33418
36303
10267
34171
17637
11676
20197
22096
10782
32997
24698
6429
36156
36338
36950
34612
25457
5681
35048
35756
23459
21872
415
11720
33183
33115
21277
11162
15975
36774
26793
17776
32677
34258
11078
16152
35727
32656
34320
32971
25028
29579
5412
10308
33336
10365
2806
25285
20324
6486
21459
21717
36926
33836
35571
5165
19574
33894
19543
21779
33103
2598
2431
4998
25832
10533
17716
3291
26310
32930
24946
36609
36675
11052
10927
2533
33292
23317
25122
23589
34780
514
6582
10885
270
25640
21956
26910
21955
36674
9867
11522
2432
462
23907
15913
26392
35660
26281
35424
19936
2551
6686
309
33075
11322
19827
803
36367
33896
25447
3442
875
16017
3826
33280
1027
16354
33610
26370
32605
15668
26107
11114
24708
4855
6970
17607
15811
36238
23853
19763
17519
32024
5190
24985
21588
17688
21385
26523
37291
25144
32531
32058
19530
4780
11059
21703
6309
23207
3754
11825
32052
36708
2856
35847
34728
11533
34224
33650
2866
15834
26442
12453
1012
21450
32368
6276
4840
29310
35330
34693
17158
33255
11468
33821
23478
16116
5773
37101
12090
22187
3376
21355
21798
12104
35590
25904
33475
2808
26323
24724
3029
11852
10525
24940
10633
10239
21940
34225
22032
21226
11898
11529
12550
6068
35980
35008
24948
19708
20065
17569
19529
32361
28990
23181
11435
5440
2765
32890
2470
34240
25765
16216
35365
3511
19591
22016
3674
680
9843
4741
16287
17574
5615
5987
2936
25173
5761
24980
23162
5020
26527
36230
5058
12146
20277
26723
777
628
26983
22097
11840
20257
25730
16306
387
26379
246
20362
24888
32525
32324
20406
11314
6649
20249
28940
25183
12130
33880
34720
35003
26989
33362
26343
19873
26956
6142
23792
2607
3185
26569
25654
21476
15533
17727
26787
34519
23556
36877
178
37224
20124
34444
6147
26220
33846
6450
33799
34958
32439
21669
6483
5231
34438
34540
37285
25742
10087
6321
35770
23904
22167
32095
33748
6021
29235
26296
34389
17172
10704
36317
6935
17615
34383
9968
23041
21340
11891
11610
24970
10747
32843
11003
32130
6551
6017
26629
32468
15895
3491
3612
23681
33178
22015
3602
25229
34299
5842
19600
25938
5721
23122
1015
2612
5811
10213
795
25793
35039
34771
23462
25018
26759
3011
813
28952
24691
21554
36309
23196
34899
11938
20058
20297
32807
32955
25433
36783
25370
11763
24856
17463
24704
4633
6217
34046
35958
34248
29187
23082
734
17616
20006
37019
551
19821
15697
15902
32408
3682
5270
19985
10041
34576
17533
681
344
26131
26355
10816
12246
21747
17571
17278
23616
16296
26663
32790
468
36188
3095
5707
621
16100
10132
10195
15894
15531
10284
11466
10129
20129
24977
3877
17581
12186
10769
19793
3585
22005
15618
35539
35578
9997
33945
37311
33282
29347
811
29439
35367
21460
36760
33354
35602
33154
3132
17211
6329
6130
34897
9827
942
22200
34748
3363
34458
11987
36247
19575
35373
788
539
33263
3657
35391
5120
35041
15762
10745
15641
25479
9996
17762
17675
11653
32211
36175
16004
10528
35509
10466
3101
3248
17458
928
23592
36763
12226
33673
10812
16089
25118
27
11046
29072
5237
35784
19581
11101
10915
11428
4791
943
33710
33881
17443
32417
11050
20130
5157
282
20147
25066
20199
23097
12282
25143
5885
37108
5588
15822
4935
32213
19743
183
21892
35445
3188
26358
34342
12329
17442
6189
9955
6025
23773
21324
11206
733
11504
34550
25134
33383
1035
3180
6529
6023
3308
25675
23598
3116
34971
5108
3729
32526
19996
25608
771
6530
6376
10408
21509
20455
26397
33614
5096
2845
12173
6169
34471
26774
17556
10606
36193
9981
3432
33200
34487
33948
33479
20401
33247
3167
26014
33671
2780
35799
4640
23569
6699
11884
21879
25341
17721
110
16187
32359
10059
12061
10039
11665
26720
10313
20061
32924
3801
35364
25212
25377
3168
25133
25165
36960
29380
962
22010
19465
587
21376
10249
34890
6242
2447
21621
35312
35593
809
2945
20003
37119
22139
6616
26494
35743
37082
24782
23362
36830
25524
15590
21650
33822
25776
25089
10114
19629
6788
15621
21640
23247
21357
4749
29295
21436
12068
37192
32822
29336
28965
4733
12548
6893
35069
5398
35960
25306
61
34846
5049
34898
32274
6081
36703
25787
24925
11998
11359
11296
11132
25064
17163
3368
32429
4906
34715
34517
23214
3779
981
19672
6413
26866
19711
2874
20314
5949
23905
20190
34093
6006
35737
23775
23483
17154
21818
29061
26469
35504
21830
11741
34778
17497
3631
29480
5823
12172
34932
11988
88
3509
16224
26632
36688
5311
34300
32781
32196
36886
4985
34359
15874
11398
25738
23119
26240
3089
32725
36559
3505
19817
11177
11829
21704
50
35467
20347
33029
24711
15747
35653
546
16056
33503
568
26097
25029
3100
25845
15623
29077
3150
24868
26110
26249
35768
33150
11798
20053
24898
15940
34509
20451
24816
22193
3330
25577
6351
17429
33937
10016
34883
36751
5763
32891
2964
24801
5334
2493
19843
23350
3155
23375
35293
16155
10817
4821
24825
10481
10286
15682
23392
87
6436
17455
26804
11544
10298
32953
35531
35554
26
35883
3819
3249
10449
10490
16291
848
914
3678
6330
21755
21641
12269
36898
6268
17324
16313
32542
25828
26972
35900
23078
26705
2928
15839
10929
19698
11660
26010
17265
28937
11513
36179
34261
5217
23735
37013
17421
9885
10157
941
12553
10694
12503
29516
10154
5143
32846
26504
33147
16299
17232
33899
21664
11743
34627
37069
17540
33743
16249
33369
3598
36991
35615
6162
25384
34645
34855
10924
23267
32641
36632
35560
12493
760
17648
11474
2777
15980
37016
23092
6751
21521
34831
17539
35058
3046
11377
16118
19842
2778
2725
26057
19810
2511
5523
20268
26575
5872
2660
26665
6178
23124
21712
37197
10209
3219
32703
21656
4838
524
11977
23768
2948
26411
36196
24742
24857
5206
33277
940
718
23576
5386
11835
12531
21550
10884
11320
17775
33347
10887
25090
36776
33944
6809
16252
21314
33188
17660
32406
3669
33738
35414
9908
15887
17309
34370
26445
33388
5469
36078
21694
34433
21804
6781
472
43
23568
5762
5357
11104
34473
11262
26538
19700
25411
33892
5371
6354
6206
5048
10727
11351
33472
15505
34894
23677
6368
23766
33491
2651
21702
6765
15743
19628
36849
6422
10953
24986
24867
23845
984
5199
35361
5985
17514
25465
16153
5663
34756
25203
21343
34098
10616
29577
19823
4786
19678
37155
5036
29258
5265
28922
15516
10429
15761
11628
11731
6264
577
857
631
17325
36435
32375
565
17313
28964
11791
26968
10780
11103
6555
25598
6327
3130
34983
33537
26330
15685
15939
10414
25351
32386
17369
5765
456
24732
22114
6757
11910
21312
493
34486
26634
25421
23670
21218
15918
23132
15876
21734
17804
21631
33874
26380
34923
37045
25868
20049
34495
33231
36796
5350
36490
19508
4651
3668
36947
36802
21612
825
32917
526
37216
15829
6179
3858
32645
25935
2732
29134
22119
5156
867
21921
19522
36517
36762
34617
12175
35483
35627
10618
5840
23243
23046
34931
23547
35299
23031
29110
6650
34180
12170
17758
5007
34814
10538
35978
12450
34974
37180
24962
10178
21208
23638
17624
124
33931
32218
11569
3408
11498
25454
33919
4886
10872
26560
10276
32818
11587
15547
6921
23469
17614
3852
36323
10330
16045
34211
29153
10967
26293
2611
32436
24965
6646
192
25228
32964
32357
29360
35845
11442
26091
34026
33771
35322
9924
23280
25957
16079
17492
29083
11039
23755
33495
6777
3684
34422
35990
29601
5016
32269
764
11846
21718
23760
35637
15857
32850
5565
23357
32077
29518
29401
23121
28936
6067
20222
21518
25496
11089
10700
21690
23876
34302
34267
23742
33632
33480
26451
32172
421
24921
34273
274
26063
10994
94
36471
33411
11472
23533
26428
10849
4683
28923
25990
23274
15782
19943
19993
26163
19954
19796
29476
20308
25548
11876
6256
16280
36125
12223
785
6714
37259
189
161
2455
22088
34097
3031
15738
20433
446
36211
20182
5760
21730
32066
25392
10945
10833
21857
4715
21422
2931
35654
21698
35339
33588
23071
25343
3186
779
5933
29606
17169
5951
36740
11508
35848
15746
34711
29032
12249
35566
36518
3266
34664
33356
833
22021
20304
33018
26768
17489
10609
6957
32878
36717
17183
25451
5195
3410
35332
36358
35933
20441
5724
36041
17530
23259
26077
37055
25954
26820
21556
33121
23355
37314
3332
36223
33165
5793
6064
23378
6363
37147
5938
10787
17195
35926
19690
21232
21574
32639
34749
34769
5428
29005
23789
26666
32569
19990
26287
2616
29202
32925
10430
29450
32163
2501
842
11524
29240
20408
33067
26215
6578
33133
10341
25484
6167
458
33644
32149
3001
3414
29408
6318
11342
23839
2699
20196
32120
6287
26341
20247
37301
6834
20431
687
21972
17137
36550
25867
23456
5138
26547
26678
33486
26631
11701
3825
21375
11814
5739
21362
35997
36955
17295
34796
36227
32704
5857
33716
20322
36904
6333
9976
29519
22147
29572
16171
26377
34454
10542
6458
6127
19566
12424
17684
10558
17810
36681
36168
35935
6456
2454
29219
10277
29038
33967
9994
33091
11645
15862
33198
3484
32133
12349
19760
2871
993
26292
6414
16177
17340
821
28992
35866
3794
2915
32802
19618
2832
4624
10614
6888
6312
33469
26006
589
36831
35478
11249
3359
21401
36068
6496
10496
4617
23657
28983
24959
571
36989
12301
25164
28989
19670
11867
17315
12001
34424
5717
17157
5135
15616
24933
25527
21939
6864
25314
24762
6195
36610
11570
4871
24706
34555
25706
16347
23506
11545
5959
34435
10386
9911
21735
5223
5634
23722
19
32326
11907
6345
17724
15784
11967
23434
5723
3222
36437
33317
21384
36500
10029
6411
34017
26042
5308
35396
35833
11399
33942
35476
34307
5546
33431
6297
9936
36516
33437
35351
5747
32907
34050
6653
26582
15525
102
32264
9871
32134
32104
17623
23731
12221
32856
19501
977
16307
19860
32450
10167
34339
35944
200
6881
26993
12350
33420
23150
44
35949
4883
12013
26498
36115
11439
26286
33240
29452
23826
3528
23513
9985
33609
12030
28917
15614
5335
25477
6592
3400
264
3479
3424
37294
20157
37305
23508
17435
35524
3179
15711
19716
11827
26702
4688
4735
33253
12095
11282
6926
21361
34514
20312
32754
35608
16170
29552
25605
23714
5258
10002
15723
855
33013
5791
19616
10389
5161
